48
112 240
112 304
112 368
112 432
112 496
112 560
112 624
176 176
176 240
176 304
176 368
176 432
176 496
176 560
176 624
176 688
240 112
240 176
240 240
240 304
240 368
240 432
240 496
240 560
240 624
240 688
240 752
304 112
304 176
304 240
304 304
304 368
304 432
304 496
304 560
304 624
304 688
304 752
368 112
368 176
368 240
368 304
368 368
368 432
368 496
368 560
368 624
368 688
368 752
432 112
432 176
432 240
432 304
432 368
432 432
432 496
432 560
432 624
432 688
432 752
496 112
496 176
496 240
496 304
496 368
496 432
496 496
496 560
496 624
496 688
496 752
560 112
560 176
560 240
560 304
560 368
560 432
560 496
560 560
560 624
560 688
560 752
624 112
624 176
624 240
624 304
624 368
624 432
624 496
624 560
624 624
624 688
624 752
688 176
688 240
688 304
688 368
688 432
688 496
688 560
688 624
688 688
688 752
752 240
752 304
752 368
752 432
752 496
752 560
752 624
752 688
304 112
304 176
304 240
304 304
304 368
304 432
304 496
304 560
304 624
304 688
304 752
368 112
368 176
368 240
368 304
368 368
368 432
368 496
368 560
368 624
368 688
368 752
432 112
432 176
432 240
432 304
432 368
432 432
432 496
432 560
432 624
432 688
304 112
304 176
304 240
304 304
304 368
304 432
304 496
304 560
304 624
304 688
304 752
368 112
368 176
368 240
368 304
368 368
368 432
368 496
368 560
368 624
368 688
368 752
432 112
432 176
432 240
432 304
432 368
432 432
432 496
432 560
432 624
432 688
304 112
304 176
304 240
304 304
304 368
304 432
304 496
304 560
304 624
304 688
304 752
368 112
368 176
368 240
368 304
368 368
368 432
368 496
368 560
368 624
368 688
368 752
432 112
432 176
432 240
432 304
432 368
432 432
432 496
432 560
432 624
432 688