100
194 126 10 75 199 58 35 16 240 97 40 78 111 243 254 108 25 231 134 149 53 67 123 186 178 149 70 52 126 74 199 205 14 7 91 43 107 39 141 227 184 78 74 138 175 224 39 240 68 128 253 125 17 70 16 135 216 254 14 143 197 69 32 42 32 209 237 144 18 156 53 66 22 66 131 231 194 75 161 190 166 53 56 64 10 68 249 68 209 31 60 88 197 104 203 23 163 10 84 55
84 245 66 105 3 228 166 121 39 71 103 228 236 235 130 6 51 81 4 45 112 57 15 171 16 187 231 133 121 153 138 182 70 237 8 89 112 155 43 178 244 154 108 125 237 231 92 120 205 170 118 95 68 252 242 120 240 35 6 161 158 185 124 15 3 117 65 198 159 175 204 169 208 11 76 156 201 141 159 29 129 169 158 68 170 111 2 60 53 40 148 171 15 46 231 58 250 204 33 64
197 136 106 120 159 160 203 8 236 197 146 96 178 84 113 89 27 100 39 120 22 138 136 161 88 144 65 250 62 208 13 83 252 13 56 62 72 72 222 14 106 215 41 169 12 203 39 223 209 118 158 155 250 56 85 20 200 230 175 19 71 233 66 240 227 244 53 30 207 25 61 230 197 44 168 96 128 35 203 76 238 146 119 122 48 230 176 12 166 100 30 128 7 218 233 151 251 219 163 62
49 42 9 213 187 66 27 189 236 61 13 104 231 21 181 256 187 38 24 148 174 103 179 31 93 236 21 13 40 252 219 60 216 163 184 223 39 162 150 170 217 254 223 98 93 32 204 103 176 254 219 158 117 30 164 152 248 135 254 118 192 221 166 58 88 35 225 255 28 226 67 174 93 25 162 157 74 143 245 103 82 160 95 205 82 58 161 241 109 37 229 241 191 132 15 223 67 42 205 133
61 34 103 196 190 115 173 27 83 51 35 123 207 204 171 249 139 167 136 47 182 79 237 124 31 194 255 64 24 7 236 117 202 194 255 82 237 182 3 129 253 60 213 92 210 156 212 217 107 83 137 69 130 18 103 10 50 256 24 67 252 4 16 131 219 71 35 122 130 46 12 203 56 236 211 149 165 219 55 202 173 12 214 233 106 153 216 58 8 166 137 25 108 126 254 204 30 130 166 116
14 167 133 221 35 187 210 68 249 78 206 40 74 7 153 149 89 76 31 136 151 134 106 173 119 93 102 1 247 131 130 208 93 39 99 90 166 57 55 223 14 243 74 65 27 229 238 67 203 220 130 57 239 76 30 3 19 218 231 242 158 123 183 146 199 138 151 245 243 229 183 62 249 156 132 129 138 3 216 20 254 131 132 234 78 253 209 34 250 247 244 120 112 172 20 93 143 254 93 26
178 242 232 16 36 175 198 169 162 95 141 130 221 205 94 92 127 75 97 197 69 235 209 35 197 140 104 133 222 178 148 164 93 108 135 73 191 197 211 73 70 176 112 209 16 220 172 213 123 39 21 138 117 61 227 2 215 14 127 101 218 167 10 118 218 56 168 46 0 58 245 210 29 53 35 158 189 100 102 101 11 107 75 42 92 46 2 194 95 79 85 61 236 246 171 131 137 187 174 215
19 9 3 254 134 245 42 220 48 215 36 5 119 6 77 78 72 77 127 62 229 247 87 44 81 114 65 26 47 3 66 26 155 70 164 129 83 75 39 58 182 244 41 10 175 53 74 130 237 139 36 243 218 78 20 253 201 146 128 71 183 185 250 228 110 96 213 175 123 243 172 152 108 188 143 204 78 13 13 147 50 32 228 243 123 66 21 117 226 174 188 248 193 251 152 134 171 22 161 201
159 56 212 166 248 103 205 189 88 114 192 222 190 188 216 219 116 75 92 213 81 251 129 234 193 158 184 100 228 101 58 206 140 203 9 168 16 83 167 102 60 238 69 107 228 128 77 198 27 197 17 172 201 235 241 214 13 7 53 250 13 40 143 251 175 102 8 34 62 116 239 128 159 229 23 63 20 31 115 166 216 48 6 80 18 223 135 175 154 19 169 241 167 92 199 5 252 108 117 11
175 61 17 161 169 230 224 244 144 187 191 218 9 91 217 35 168 93 126 39 48 54 129 181 143 148 163 148 5 218 37 168 178 227 19 61 252 216 121 256 186 56 157 238 37 36 192 168 137 91 88 230 34 134 12 157 137 10 107 90 128 36 118 256 141 230 87 87 6 130 113 233 244 32 63 210 147 216 100 92 159 179 38 133 195 215 155 224 15 197 255 135 179 9 15 252 232 212 210 191
89 20 65 195 208 165 136 20 211 5 53 153 245 7 108 83 207 128 196 49 120 190 173 46 54 33 213 87 237 7 15 85 246 186 0 105 162 77 121 23 121 123 189 65 74 33 102 203 2 139 118 32 41 218 116 223 210 181 105 108 207 157 130 156 64 227 32 158 229 23 2 117 89 30 27 232 85 90 76 189 118 145 195 169 39 164 173 229 69 185 157 244 114 121 118 46 63 151 22 108
59 139 31 205 95 134 99 239 142 119 160 55 99 104 44 125 78 182 54 200 231 224 104 130 187 58 31 198 76 245 88 245 124 214 46 115 129 9 12 234 196 7 128 248 230 199 218 154 120 5 75 204 201 253 83 175 155 43 15 166 59 196 3 164 109 204 59 198 147 137 11 64 79 178 204 228 34 155 70 247 190 19 221 85 74 10 90 42 20 246 157 36 194 88 107 84 216 172 237 133
183 40 111 166 34 71 90 230 49 196 204 14 115 206 124 194 36 97 69 155 47 247 204 96 59 71 93 98 193 202 14 78 102 210 23 59 61 23 69 226 64 138 58 236 48 11 63 167 189 191 91 119 100 232 176 73 141 129 76 172 68 108 140 226 83 123 253 24 158 237 113 6 17 210 173 89 159 155 248 126 78 83 114 78 136 13 202 188 0 108 91 120 206 62 55 44 138 83 192 60
196 90 132 202 19 188 52 255 94 203 156 68 40 91 253 58 166 237 45 113 41 90 116 43 229 218 201 0 31 56 208 76 25 161 217 101 180 228 203 219 11 196 206 205 244 166 189 69 23 124 56 52 4 247 169 217 170 201 68 177 248 207 114 177 126 83 232 16 219 242 190 154 18 111 231 105 161 97 124 218 94 231 245 119 195 218 220 211 189 50 138 51 25 85 111 110 239 3 198 139
5 204 255 1 214 66 159 227 161 93 170 251 27 229 218 96 236 134 137 83 163 249 12 91 28 76 97 147 86 106 60 133 10 53 50 88 188 253 196 51 99 105 18 202 113 130 225 47 212 59 187 226 57 225 203 138 57 164 63 65 18 154 71 89 87 86 12 44 17 34 142 175 205 2 142 229 171 214 142 106 232 242 195 254 64 34 215 119 231 12 135 153 38 120 71 11 198 208 203 211
132 66 90 97 172 237 36 109 177 197 217 109 199 152 49 8 130 117 97 156 45 87 58 171 52 152 27 159 117 12 130 241 25 28 246 34 133 118 209 202 256 155 116 197 164 168 71 235 252 133 147 240 39 151 195 28 222 150 14 175 133 136 62 216 64 70 110 30 232 22 51 214 155 248 115 145 93 15 197 127 196 128 25 132 191 85 1 238 217 189 65 188 244 90 236 227 16 151 192 201
160 15 225 73 77 211 120 19 178 132 155 7 156 28 11 117 125 175 137 126 122 2 207 142 50 133 62 154 67 51 75 195 103 176 13 245 210 229 247 8 226 76 68 134 109 97 69 35 130 70 23 250 104 72 81 220 232 3 31 251 144 125 49 98 60 121 179 117 195 202 29 162 231 22 206 239 105 13 236 147 194 222 125 126 232 7 254 142 230 65 17 129 161 222 62 126 160 40 240 220
141 63 126 185 1 17 214 176 100 46 139 159 220 233 150 253 109 232 90 98 131 195 154 182 42 234 39 77 141 247 133 242 50 210 232 214 206 87 155 51 99 7 220 202 15 94 241 225 170 43 231 33 18 126 253 95 158 39 4 160 41 168 66 72 82 130 228 53 255 214 64 58 195 32 116 55 170 25 212 0 145 23 117 39 228 188 230 167 7 138 18 90 43 122 77 8 201 49 226 124
61 218 83 54 22 209 25 161 7 176 98 22 46 115 55 147 158 108 225 195 146 140 229 168 149 126 91 75 77 142 210 53 219 175 153 55 145 115 118 43 99 60 176 231 5 178 239 179 133 179 97 102 18 197 198 133 166 105 255 110 168 69 102 142 194 191 151 114 103 216 219 215 25 202 254 130 89 95 226 80 221 27 252 27 23 49 254 96 159 127 184 24 75 186 121 148 42 61 251 176
62 240 84 182 106 179 180 229 80 13 220 118 243 214 107 212 197 109 76 0 201 99 14 252 23 185 234 9 36 178 222 169 196 133 209 146 75 202 78 25 146 39 144 111 197 250 220 225 140 136 253 199 189 159 143 131 21 108 71 66 69 15 33 127 168 110 9 132 222 15 58 109 109 189 5 117 105 77 19 96 32 11 67 133 111 201 9 46 84 48 122 223 252 96 192 84 144 31 213 222
57 124 42 142 36 201 90 218 162 239 98 171 228 225 204 231 81 137 147 246 57 60 20 158 217 211 21 44 169 206 229 13 91 8 27 236 222 156 176 126 123 211 123 158 111 12 166 141 234 30 209 192 203 48 203 37 60 152 22 212 152 57 108 66 78 232 250 118 180 138 151 216 58 77 50 75 238 85 101 154 118 192 128 81 211 11 177 143 166 160 56 113 154 45 126 196 255 172 16 64
168 244 16 95 170 149 98 32 164 251 173 2 233 5 232 135 16 95 34 61 143 141 140 53 235 162 169 66 105 83 165 12 177 136 108 88 70 247 212 181 224 24 247 70 33 74 60 110 233 51 91 241 108 211 35 48 241 62 231 159 170 95 95 143 22 134 197 174 121 199 59 121 194 220 138 10 74 216 148 180 223 153 167 96 81 138 159 70 174 138 91 194 95 93 158 103 195 100 235 220
32 168 44 79 238 38 171 137 182 226 239 168 240 162 37 62 138 22 253 38 20 28 39 150 201 232 172 85 45 90 239 115 173 232 137 42 134 211 199 88 47 156 6 163 114 24 180 120 84 9 58 120 88 6 91 59 233 173 38 43 108 97 246 233 248 78 136 89 130 175 148 121 115 172 20 229 21 133 241 12 7 38 112 64 231 93 210 216 21 221 71 70 246 22 69 92 233 153 244 245
6 166 250 16 184 243 109 154 170 202 146 219 168 94 33 205 157 125 172 100 11 47 91 103 34 114 240 145 168 1 7 87 190 160 61 232 232 217 133 30 227 28 151 58 46 234 209 45 211 256 79 201 117 52 168 140 163 214 40 183 116 87 97 219 191 245 208 116 122 206 158 70 175 54 21 254 133 252 2 76 213 228 6 172 146 155 255 106 62 57 201 2 51 132 65 150 141 210 115 208
186 231 48 249 142 81 78 63 232 189 143 161 124 32 110 149 5 25 219 66 7 74 216 162 191 10 76 61 59 67 177 168 8 43 25 156 171 142 123 122 216 254 83 194 236 165 214 45 174 244 131 31 127 82 60 53 199 179 248 232 38 149 121 236 107 20 82 15 164 12 180 95 187 37 155 136 114 50 202 108 103 186 63 99 119 35 161 62 253 107 44 216 234 106 80 12 194 175 236 46
105 139 25 114 243 128 224 38 90 129 41 75 34 125 84 34 126 146 88 70 200 223 174 92 255 82 137 25 140 44 235 139 132 224 21 192 183 45 106 159 218 140 157 58 29 145 147 13 35 148 237 70 103 75 100 239 165 160 220 231 179 21 199 236 58 227 0 216 233 17 138 154 144 165 95 240 8 176 112 86 70 241 186 31 211 239 214 66 15 128 190 172 248 212 166 167 255 29 244 33
153 6 255 117 228 246 238 196 239 39 165 54 50 250 30 187 4 115 103 180 49 191 125 172 4 82 91 164 39 247 109 128 10 243 20 147 13 213 233 26 142 76 154 219 46 13 96 132 31 78 212 216 249 44 207 1 159 91 2 41 1 133 17 113 162 111 68 40 63 47 241 100 253 78 183 246 240 206 65 58 96 133 62 157 250 11 160 205 88 196 6 34 46 233 32 173 253 33 105 206
183 121 84 17 114 109 238 90 95 187 252 104 225 76 3 137 80 94 238 230 126 191 20 234 154 191 192 155 159 13 60 231 21 187 218 53 77 42 252 197 175 206 104 83 91 13 200 253 25 22 142 156 246 242 91 55 72 180 61 23 224 177 95 97 55 209 233 44 124 93 149 100 4 20 151 59 193 15 86 2 49 17 140 121 109 99 199 57 23 188 84 254 205 3 5 167 239 118 12 15
255 211 92 239 24 115 111 17 74 34 130 160 121 204 237 101 34 64 166 227 247 31 141 3 116 140 65 189 168 208 152 19 6 172 66 78 19 72 64 181 191 252 35 226 221 25 90 123 172 1 142 231 51 73 150 85 242 207 103 234 132 20 130 144 186 41 211 99 62 241 111 116 166 132 36 101 148 0 130 252 237 182 218 223 52 70 97 200 17 13 241 70 237 126 244 104 68 146 230 192
15 13 61 62 207 122 111 67 106 205 48 205 238 125 240 119 91 105 235 63 194 110 158 65 136 117 46 133 188 119 70 39 127 104 1 119 201 112 165 45 191 120 120 133 44 211 61 33 31 57 113 31 204 78 40 194 129 53 102 224 100 180 78 255 220 64 215 17 196 199 0 78 129 6 254 216 138 250 210 128 75 121 155 113 204 223 224 202 72 53 127 139 202 193 22 118 34 179 200 176
50 89 33 138 90 81 141 48 55 182 59 241 163 185 223 50 209 224 122 247 16 39 81 100 65 196 256 27 245 148 90 171 75 240 85 222 44 29 13 117 228 226 20 71 0 125 17 159 213 205 66 145 243 15 32 148 190 117 202 234 161 59 88 163 253 47 122 114 229 106 245 102 170 0 210 206 133 251 79 226 61 241 40 104 152 118 213 143 69 144 22 17 6 91 187 77 77 246 121 120
18 173 17 130 40 190 38 74 223 70 95 178 237 231 180 239 154 110 158 134 199 42 0 233 136 53 236 74 118 193 182 106 55 186 122 193 72 194 108 41 41 92 54 69 225 77 39 239 155 42 130 41 44 249 232 15 63 47 81 186 9 11 149 136 23 78 51 65 230 75 138 188 194 244 93 247 170 147 108 177 37 242 71 80 122 66 102 147 67 128 181 75 119 185 122 131 255 207 67 127
213 218 143 212 82 19 25 58 38 219 82 174 189 243 211 182 232 162 107 95 214 232 97 218 92 233 74 163 44 234 174 139 18 201 22 255 246 170 206 91 231 148 231 61 171 117 134 188 26 135 114 241 100 25 93 123 112 225 97 93 85 190 53 138 215 17 211 192 228 57 129 48 0 2 80 93 157 135 206 214 250 223 231 160 68 90 168 175 46 150 210 16 181 254 150 0 84 212 15 22
52 43 114 38 17 80 32 229 77 99 155 220 93 16 10 232 33 145 126 249 253 181 207 238 102 201 106 245 151 237 220 169 15 123 87 18 220 98 104 165 231 69 140 79 227 130 213 61 56 195 90 74 229 3 188 214 170 208 90 55 44 230 171 199 40 97 88 164 130 167 99 249 255 241 47 23 138 9 148 22 104 251 203 225 46 58 143 8 240 233 75 101 249 87 209 185 47 145 252 234
253 48 155 27 133 189 4 177 175 70 36 19 247 199 46 137 98 203 48 159 99 140 59 154 109 68 209 246 145 106 178 195 56 31 83 230 178 117 201 202 132 225 248 191 93 41 184 70 27 182 247 214 33 20 94 207 216 40 93 102 144 72 204 94 220 228 14 73 87 94 94 219 60 78 117 94 195 32 0 53 7 49 247 87 171 190 227 130 185 7 145 20 198 247 232 146 171 83 111 102
198 129 165 138 240 198 222 51 38 79 72 65 23 55 111 128 173 104 71 241 16 93 0 22 37 120 241 65 249 152 155 29 119 186 229 238 45 150 51 119 252 45 233 53 220 192 251 67 115 225 34 207 126 174 19 28 149 222 228 194 130 35 255 184 106 130 138 134 243 74 214 98 4 196 57 165 210 205 96 37 216 18 208 243 132 158 43 181 246 235 156 47 198 8 219 172 59 176 149 36
41 162 209 8 205 36 219 84 234 27 187 232 229 193 199 64 82 256 230 34 115 11 63 204 137 2 161 162 144 85 135 128 81 247 203 16 184 196 94 92 8 31 169 239 193 178 103 140 2 109 228 146 188 52 31 2 58 116 253 136 24 168 94 237 46 127 118 126 148 177 210 239 11 47 28 6 143 152 179 116 78 39 26 31 121 244 107 0 229 125 176 107 152 134 170 93 174 80 228 95
178 250 164 5 157 255 50 23 138 26 239 173 123 88 82 192 66 93 206 148 40 81 155 100 11 171 211 31 37 151 216 188 237 157 237 130 175 79 51 240 52 124 98 163 96 40 135 206 248 241 112 20 216 25 150 119 186 8 223 70 58 240 82 3 95 105 17 194 227 115 82 189 248 88 239 56 223 138 205 86 71 39 212 249 73 10 136 150 2 222 241 247 213 83 96 30 176 243 191 231
127 218 81 219 79 173 145 82 141 213 7 138 91 105 210 161 18 28 94 218 112 98 162 59 146 223 131 200 84 83 38 72 54 112 206 79 7 256 250 1 221 14 66 134 97 137 95 234 179 145 211 253 164 151 118 170 199 217 145 143 36 44 254 227 171 138 241 101 216 187 210 127 169 173 155 102 164 73 174 66 62 134 2 88 231 41 203 79 29 189 60 132 60 77 187 96 187 24 78 210
244 105 21 89 12 253 181 52 239 68 25 239 10 4 67 74 125 249 212 247 58 67 18 252 208 107 237 254 12 249 205 216 149 31 159 205 141 77 232 120 189 36 9 197 95 143 151 143 146 42 160 129 124 191 16 84 122 80 166 221 232 165 234 231 73 77 26 100 95 163 11 150 108 197 150 253 72 51 23 104 171 199 168 77 143 69 31 24 80 80 235 165 30 213 2 31 90 108 230 104
58 168 66 252 164 52 43 127 249 214 102 166 88 90 135 139 121 111 4 2 49 72 23 200 214 14 136 80 68 232 241 149 3 88 63 47 105 73 237 172 85 77 87 151 118 125 170 246 229 19 2 193 27 32 133 82 213 97 91 209 105 165 66 174 176 162 190 20 148 108 113 121 169 160 55 8 162 74 2 93 206 161 59 212 97 154 200 22 51 135 98 140 96 151 93 190 156 244 98 198
83 63 162 244 129 249 42 81 15 56 37 85 51 214 140 233 155 145 94 34 171 85 55 251 63 28 103 223 212 231 210 179 45 148 45 234 226 151 103 121 92 42 54 221 125 235 68 192 210 70 29 250 238 92 191 87 97 30 42 58 30 210 139 192 211 175 229 225 29 149 256 179 212 191 227 81 18 145 233 31 245 52 159 161 110 54 63 8 88 17 128 47 51 44 10 68 243 196 77 222
250 176 143 87 139 203 144 187 4 225 139 250 253 124 37 183 15 21 227 140 215 45 131 239 182 31 110 131 3 146 111 33 249 214 51 256 9 35 74 133 25 85 205 194 233 250 164 208 231 112 56 150 134 70 144 41 163 223 254 153 157 120 130 155 33 87 181 34 93 212 170 202 4 15 32 145 32 105 234 182 131 159 214 158 89 8 175 21 241 176 53 160 225 0 21 162 155 107 87 22
3 46 174 36 114 75 187 154 68 37 142 170 25 182 212 120 216 141 63 139 34 196 115 50 32 232 22 226 203 128 228 152 195 89 43 0 118 53 29 152 73 154 49 103 135 102 42 141 186 131 71 228 39 67 5 14 92 201 217 70 100 187 107 28 102 143 113 174 126 13 199 201 2 198 74 129 133 90 160 251 15 222 42 194 21 242 253 61 181 8 171 10 172 208 226 80 209 89 55 240
193 239 90 92 171 85 197 221 152 212 121 39 142 29 33 215 98 147 91 97 0 229 212 76 148 223 116 237 105 203 205 8 98 113 100 111 200 240 122 72 91 12 224 239 35 88 136 195 235 155 36 79 159 79 5 108 224 181 108 45 95 176 213 199 217 188 174 76 79 10 40 66 172 242 246 55 168 6 203 213 7 163 141 127 196 127 29 192 231 183 224 115 114 181 84 39 66 234 228 158
7 1 36 145 180 123 97 11 104 10 201 170 215 240 223 201 81 41 167 111 139 214 95 173 20 153 119 208 20 41 255 117 27 206 156 35 26 232 221 256 88 94 116 166 248 80 133 32 145 33 117 41 80 24 116 154 41 60 228 131 216 114 50 207 98 125 202 151 203 119 146 191 189 158 224 100 136 111 130 70 186 171 194 80 85 122 134 243 63 155 249 16 130 190 19 13 238 180 250 22
8 150 104 77 108 55 18 234 153 240 42 19 19 158 45 28 14 14 209 111 49 11 37 70 52 78 67 12 118 124 188 69 230 124 227 41 153 5 138 227 61 248 154 148 87 39 132 91 44 237 43 193 241 96 162 90 221 55 38 181 203 52 221 174 239 39 8 93 207 229 12 100 127 130 179 58 158 226 232 61 225 246 195 55 19 216 63 226 169 79 6 161 91 162 70 220 179 253 69 142
46 171 113 11 45 64 236 128 31 63 232 147 20 179 30 108 235 35 58 160 144 230 172 77 168 111 188 137 191 241 0 133 249 5 191 6 31 204 19 111 22 227 155 201 77 172 202 102 104 91 36 209 8 40 201 218 188 240 129 228 83 233 69 191 37 86 114 6 181 145 114 157 145 139 214 42 113 215 63 132 45 86 245 199 168 182 75 82 17 175 194 199 136 233 74 199 189 54 70 83
16 84 145 158 38 151 66 237 241 24 108 162 70 11 141 209 49 51 238 41 84 79 5 176 215 102 166 21 57 251 181 111 250 126 133 163 234 161 102 165 83 205 90 176 169 210 225 174 123 118 102 177 125 36 55 75 46 119 242 4 194 235 121 169 21 220 144 189 251 34 26 177 250 108 54 242 13 166 161 201 155 40 218 142 113 158 32 73 245 95 12 19 207 245 105 111 100 203 115 183
190 167 224 162 202 256 164 150 215 191 16 153 16 3 158 102 61 130 237 165 27 194 247 152 60 215 16 205 213 114 134 73 91 66 24 234 247 78 160 45 119 33 175 70 214 80 138 55 67 105 121 64 84 44 110 44 189 127 134 93 105 7 170 128 185 29 205 250 89 17 148 112 65 72 225 236 160 27 231 185 39 197 97 216 246 63 239 33 12 155 131 57 123 217 135 7 69 240 161 180
255 159 22 51 12 99 241 251 38 78 189 63 41 163 131 118 98 184 184 134 191 91 129 251 66 207 226 198 247 60 172 255 4 45 239 255 124 10 237 58 143 25 49 26 145 101 162 0 221 130 186 209 163 187 41 226 189 213 25 250 54 101 124 59 129 55 114 51 184 149 77 246 241 175 107 11 219 49 121 219 12 56 131 195 115 174 146 224 208 18 9 80 75 242 226 61 218 148 249 40
144 182 198 247 251 237 48 10 96 167 165 224 145 235 46 200 101 132 64 8 200 116 231 38 94 128 244 227 132 250 91 164 141 117 121 139 52 121 147 182 122 204 174 76 147 18 186 129 93 104 203 225 110 255 115 62 125 225 256 225 194 4 188 77 46 47 30 164 41 44 217 120 111 9 101 68 93 194 88 4 33 95 119 100 126 175 132 220 231 135 106 17 40 116 58 237 77 226 178 191
129 218 168 90 39 242 153 178 56 64 136 134 67 123 85 235 162 210 124 9 193 127 64 22 223 121 64 217 114 140 158 196 186 73 130 2 135 99 22 107 18 159 127 100 120 4 17 196 108 159 1 228 91 102 60 250 69 200 113 194 90 74 181 154 185 65 33 213 236 210 245 172 134 137 48 185 158 253 223 222 215 133 105 49 127 254 152 5 24 10 128 186 75 84 72 58 151 231 209 56
124 239 239 123 90 179 20 244 121 154 208 226 146 79 217 37 182 227 199 218 242 29 91 31 225 147 6 87 25 179 212 248 82 255 158 137 41 139 70 174 229 80 141 190 212 4 108 34 96 206 14 57 107 173 64 172 21 70 108 141 63 124 46 146 64 116 53 247 7 224 6 155 173 71 168 188 5 1 192 70 52 228 133 242 3 41 204 51 63 209 31 109 131 120 226 124 171 176 223 175
230 162 209 147 6 77 219 224 113 62 204 94 185 246 29 40 223 184 222 204 51 105 198 177 73 247 66 35 235 17 20 220 171 198 137 75 223 172 6 206 182 91 197 27 18 198 211 112 19 79 75 27 139 166 138 243 79 73 42 153 40 61 255 67 187 87 250 179 134 221 60 250 189 21 186 40 246 114 51 220 109 113 254 184 222 244 175 138 233 23 89 33 225 60 231 238 10 119 71 78
4 128 36 127 57 210 125 96 170 54 182 144 180 197 102 90 189 43 31 101 170 14 206 88 29 156 40 92 78 246 187 133 189 212 244 202 36 100 249 11 112 143 87 32 71 79 129 96 96 236 70 196 22 12 14 59 170 24 119 167 212 123 24 79 178 191 15 219 254 149 203 85 182 41 243 203 87 178 67 137 64 231 167 209 85 5 56 188 128 157 167 190 185 9 58 65 29 181 204 52
133 30 234 157 4 203 85 13 207 162 130 114 17 253 158 36 244 115 119 142 246 237 50 93 235 251 66 175 93 130 8 2 34 20 131 226 185 34 66 112 140 202 78 178 220 32 235 177 7 45 172 25 74 10 59 238 251 37 203 51 10 119 150 236 226 208 216 86 220 46 15 251 6 31 164 114 20 209 178 153 190 101 65 218 159 7 242 8 119 157 88 125 135 67 162 221 70 221 224 117
81 48 45 95 107 170 100 20 54 56 83 242 175 40 40 69 107 188 114 39 134 132 101 188 104 187 68 117 44 82 14 25 201 106 53 223 30 151 246 46 65 219 132 122 145 233 25 169 244 43 69 243 152 126 141 125 228 123 109 229 183 183 250 224 122 5 196 116 72 87 206 50 9 29 114 124 183 165 229 146 106 16 58 80 191 173 141 9 212 166 190 178 151 137 34 95 217 46 156 20
64 6 20 118 249 244 197 210 254 180 0 158 247 16 191 139 32 16 158 0 233 237 105 159 21 240 9 199 230 23 130 167 231 253 180 1 224 234 8 107 25 94 227 164 107 220 46 94 143 11 108 77 167 78 26 183 2 69 77 120 17 107 131 213 103 25 242 91 189 236 41 67 139 68 252 242 140 44 255 56 124 116 80 193 151 127 80 90 129 243 208 160 180 95 244 123 135 14 255 215
138 100 200 237 142 118 162 164 138 136 225 14 89 131 176 14 18 8 26 221 60 190 233 18 6 175 1 145 84 218 198 112 79 11 246 0 93 255 160 97 21 79 119 83 136 67 214 203 41 61 201 57 95 161 232 244 11 192 101 56 213 154 74 249 55 146 98 64 0 223 79 99 55 226 225 118 18 239 51 29 122 202 223 166 115 66 256 43 69 178 73 209 128 139 184 180 95 219 190 107
214 172 89 92 190 254 123 174 38 231 221 60 67 28 166 66 247 100 104 204 96 235 49 191 50 64 17 51 4 166 109 245 71 183 148 10 88 119 172 201 33 179 104 226 83 182 20 43 55 134 216 84 55 201 11 83 226 47 20 69 158 250 81 93 57 177 37 108 59 176 152 28 67 158 141 16 97 218 6 86 35 119 165 208 213 31 174 88 206 45 240 68 145 83 114 118 39 149 110 53
139 9 173 111 171 76 50 227 146 164 44 121 213 214 135 109 194 78 130 95 222 223 132 18 218 147 134 53 70 109 12 9 217 3 58 51 140 5 153 117 176 61 217 177 92 108 109 138 81 214 58 71 95 158 115 109 54 146 59 115 111 201 71 42 83 119 187 103 73 196 46 176 112 226 170 218 136 40 223 31 156 182 70 179 222 121 142 89 196 136 5 55 146 241 252 62 129 47 58 143
119 122 152 165 242 50 210 60 142 125 213 165 224 100 146 241 251 170 232 135 125 112 251 70 99 220 60 186 163 251 108 168 196 58 16 235 231 202 17 202 181 141 59 5 117 177 16 86 219 235 177 185 26 145 28 16 1 107 249 72 173 214 132 211 68 212 97 213 97 4 76 62 1 196 206 50 223 128 0 233 14 253 111 121 186 24 100 199 195 83 53 210 92 148 243 136 236 165 114 190
226 72 133 249 218 96 224 119 67 239 49 184 75 99 21 80 223 78 41 134 30 130 103 124 219 1 43 187 88 39 226 252 8 118 87 201 234 198 144 79 137 195 37 139 246 161 139 181 146 185 103 3 240 59 101 170 152 149 128 42 198 21 66 169 158 32 103 237 253 89 142 76 49 5 127 142 238 85 194 209 25 151 38 74 207 187 221 43 135 85 170 69 129 73 94 152 24 48 103 253
72 65 43 187 102 210 131 198 122 162 167 166 11 63 49 111 162 143 204 53 144 2 47 166 177 235 50 252 25 243 61 252 209 203 2 160 250 200 12 140 189 96 48 240 132 135 223 232 137 45 236 226 94 68 97 83 223 245 67 56 188 153 145 54 102 159 179 122 133 87 154 225 44 200 113 219 15 162 6 87 250 233 47 22 174 177 221 86 154 152 164 222 67 127 226 84 184 100 206 172
54 237 248 193 60 58 215 190 44 203 165 119 172 204 204 120 231 227 197 100 226 193 192 51 101 204 51 233 207 245 80 78 133 202 39 95 67 167 191 40 158 158 125 211 72 18 108 145 230 47 26 32 203 149 229 238 193 29 30 187 30 246 102 28 145 219 35 127 186 151 181 199 43 219 163 141 25 224 135 248 72 224 55 247 129 20 133 139 193 41 190 28 108 178 195 24 157 157 58 99
0 227 71 48 160 45 92 137 64 120 45 92 232 202 256 228 22 127 123 116 198 26 105 239 141 140 119 217 219 156 148 14 30 95 84 43 91 171 169 50 90 192 133 227 118 192 97 76 151 174 188 108 119 161 207 30 45 144 153 212 12 224 108 183 94 145 232 109 83 217 118 20 187 130 95 68 102 149 217 149 95 104 93 82 57 125 46 102 232 204 107 61 208 31 133 173 39 238 72 241
180 65 37 196 83 180 85 33 38 9 27 105 93 109 59 140 70 152 84 208 119 133 81 238 94 185 51 179 203 101 212 25 66 1 56 124 173 53 225 170 101 233 80 212 253 235 226 146 224 138 23 132 50 212 187 122 7 49 48 98 181 3 8 107 79 75 201 195 201 239 206 22 131 255 104 177 249 84 0 184 252 215 227 163 184 70 204 89 111 164 191 24 115 151 92 98 111 100 161 50
198 98 23 73 108 140 67 1 12 8 20 97 225 129 256 66 24 95 144 44 115 224 95 36 143 2 136 61 154 208 93 95 80 120 51 194 6 170 208 116 168 44 217 228 233 10 196 11 27 145 242 249 174 180 7 135 150 160 132 63 172 238 176 129 92 34 79 29 32 86 132 22 99 145 130 37 41 204 88 59 161 221 174 176 214 171 30 136 157 234 150 114 255 114 22 98 29 48 15 233
245 73 35 29 251 156 13 18 174 230 64 142 50 220 179 23 21 204 134 211 41 71 13 114 215 123 154 150 237 62 87 70 74 100 115 153 13 61 63 77 93 187 4 226 18 134 132 192 108 70 146 77 6 10 103 143 0 88 218 113 164 23 61 112 202 114 146 237 106 59 47 11 245 238 89 116 43 43 119 156 12 179 178 31 35 163 167 112 95 219 217 57 89 50 249 179 84 246 109 84
208 174 90 70 90 128 24 223 243 216 66 172 30 148 196 136 214 150 2 0 53 238 72 118 253 234 218 163 250 93 207 143 129 59 181 207 69 72 21 57 27 78 64 213 120 240 42 18 55 3 251 235 43 253 83 114 62 160 104 254 57 192 189 207 250 182 72 13 143 17 112 116 17 144 218 167 36 168 65 67 244 6 240 29 238 2 206 20 147 254 207 254 87 6 58 246 194 87 155 167
31 248 96 211 253 118 221 70 191 81 66 251 112 240 216 151 88 165 140 73 151 31 20 83 37 248 212 216 205 118 252 40 14 237 245 49 141 120 192 53 156 99 103 161 145 124 95 107 162 152 99 216 155 137 235 80 40 154 23 22 226 51 96 106 108 132 2 246 250 56 95 183 61 99 33 59 1 144 29 101 0 170 15 121 48 197 127 162 25 85 236 205 153 194 110 74 155 88 107 128
61 71 240 48 179 129 205 112 83 210 145 19 141 169 212 66 44 233 153 201 28 68 73 119 33 6 230 256 110 228 90 176 31 200 235 71 135 183 254 251 19 179 82 141 33 92 143 26 2 166 19 179 119 30 129 230 114 2 124 255 60 149 22 249 238 197 237 171 136 208 220 94 197 22 219 98 172 220 109 249 117 206 218 111 149 217 109 177 247 251 12 95 8 130 135 238 83 215 83 196
77 172 209 141 47 86 8 5 69 222 104 83 21 237 4 38 226 90 129 194 38 97 26 163 138 101 252 100 165 249 7 90 13 9 248 48 126 47 213 118 155 253 95 192 141 116 224 174 116 66 158 217 172 191 137 65 164 178 67 156 121 41 182 88 4 115 250 34 180 232 196 175 101 111 118 26 240 119 131 92 241 102 62 35 4 104 194 132 248 194 93 255 136 177 144 182 167 233 243 1
54 83 30 185 79 251 65 28 8 226 108 130 155 210 61 194 195 113 169 195 100 51 31 113 204 44 143 2 56 185 170 141 56 135 54 16 28 120 150 219 103 73 160 228 222 56 255 119 163 193 251 119 137 219 67 6 180 243 73 197 57 251 100 85 80 187 173 221 66 209 136 170 246 62 10 51 62 37 205 4 249 166 79 166 223 225 130 124 214 74 180 217 5 192 203 42 18 10 201 33
155 50 234 58 142 165 158 252 199 195 145 38 138 163 247 7 58 39 170 208 182 17 156 95 223 18 188 242 222 20 195 4 117 29 153 65 50 152 217 254 23 29 91 128 237 22 122 87 23 154 129 31 174 240 3 57 254 137 60 203 67 46 150 196 64 8 50 56 36 51 9 105 255 142 5 215 240 3 64 223 246 215 193 64 214 47 238 18 13 251 131 52 58 250 31 141 163 161 134 183
197 25 239 63 230 136 159 16 41 35 125 14 118 64 55 247 164 189 158 23 34 221 100 117 245 178 122 79 134 176 244 252 129 84 92 69 182 150 197 196 146 160 167 122 162 14 149 230 252 225 1 56 94 134 33 73 227 15 175 248 25 70 150 84 182 90 229 86 8 237 43 80 133 166 146 239 241 205 103 220 217 105 117 40 69 153 168 24 248 21 46 66 155 80 226 167 0 181 47 115
107 134 170 126 128 243 157 209 171 203 160 180 107 78 185 229 145 213 132 63 86 90 52 220 214 35 140 233 127 238 128 105 45 25 158 109 158 224 108 218 19 116 141 76 119 56 239 50 65 231 125 137 67 44 14 40 60 212 157 72 137 58 53 16 216 20 97 137 194 236 80 219 163 243 224 155 104 196 38 138 73 51 219 169 100 230 104 86 182 233 12 185 132 28 185 60 149 221 250 219
177 223 112 54 148 144 10 128 189 10 58 44 98 102 177 234 155 18 196 96 254 193 45 44 16 216 65 184 202 112 112 255 113 85 228 8 247 220 152 199 211 146 229 35 121 177 31 254 191 183 90 6 227 219 15 161 255 213 186 225 247 68 139 67 247 153 101 56 99 250 43 117 86 22 255 75 183 167 87 208 26 96 194 86 192 181 178 135 189 87 229 50 241 219 233 46 244 191 65 143
54 181 10 128 256 142 211 192 254 162 93 70 181 126 111 138 171 176 216 197 252 181 10 83 139 105 102 128 93 208 195 4 112 176 81 124 67 75 67 126 0 12 14 233 78 154 195 203 129 1 8 73 115 10 91 183 45 40 58 192 8 99 69 243 111 76 180 16 11 206 183 84 118 180 176 117 51 122 168 184 247 51 54 155 132 6 247 140 81 112 236 217 128 216 153 205 166 90 204 34
167 120 185 197 103 19 1 211 148 54 183 234 198 200 203 191 216 62 217 46 190 41 104 187 102 243 242 83 233 157 160 169 62 43 51 74 34 0 75 132 206 237 113 94 72 54 174 251 14 50 140 64 68 140 21 199 44 205 111 212 90 99 5 25 149 201 220 68 0 137 114 78 33 199 119 240 79 73 107 129 78 29 250 223 109 18 157 19 107 172 142 151 174 184 91 83 158 54 144 210
46 197 221 64 94 256 116 242 95 5 237 106 51 116 208 93 189 134 202 91 9 37 146 120 10 142 87 51 183 221 116 12 24 185 49 22 215 69 170 133 210 87 182 104 19 205 214 20 185 208 37 137 195 118 18 28 107 134 54 42 188 237 162 143 29 4 41 102 227 82 91 42 184 203 35 156 195 97 252 86 68 20 61 222 140 207 130 235 9 239 80 61 45 51 62 196 238 83 186 203
210 139 189 139 73 183 195 245 71 135 176 7 140 246 62 152 3 205 6 232 162 136 72 229 217 248 8 153 157 37 199 92 31 5 174 75 149 64 243 178 66 221 69 128 187 65 199 210 175 230 74 91 180 167 201 223 25 195 209 140 125 210 90 10 40 195 44 231 82 104 126 46 39 83 60 163 172 111 243 159 125 58 215 37 237 235 234 210 108 40 15 102 97 234 74 130 115 88 140 144
217 245 4 125 225 236 193 221 78 222 198 10 198 70 238 168 253 132 21 41 135 0 173 151 113 0 29 167 167 22 197 44 2 208 204 100 78 235 133 183 18 133 108 144 89 138 125 79 139 3 33 106 67 80 171 161 63 223 25 126 222 150 145 240 244 19 67 178 127 26 54 203 215 134 205 235 233 55 145 137 189 113 172 8 127 22 99 42 153 103 160 178 57 199 168 160 180 77 256 184
36 252 36 184 77 151 210 176 253 17 61 243 11 41 195 253 223 3 255 186 207 256 196 178 224 134 226 195 226 9 190 71 202 16 251 18 244 94 172 38 167 3 8 37 154 34 225 88 141 71 115 52 56 221 66 113 93 107 223 236 145 127 42 119 116 8 245 195 97 149 99 254 38 32 184 167 58 55 162 137 60 207 7 79 141 202 188 56 145 161 21 177 202 54 83 34 144 80 58 202
71 13 201 114 247 158 151 238 43 143 166 45 8 250 153 32 78 85 27 200 147 149 44 142 95 161 149 69 146 53 168 21 75 199 233 255 79 107 190 256 155 24 163 54 155 226 113 50 181 14 171 24 204 120 252 35 187 157 98 48 143 78 189 75 127 177 100 256 197 32 120 83 227 43 216 86 70 147 160 142 159 198 177 114 151 146 138 193 177 152 227 142 250 147 247 133 253 104 20 125
211 177 164 249 28 45 240 11 233 219 47 4 226 177 40 174 168 197 7 145 32 120 84 52 46 27 162 9 242 192 84 250 148 48 88 79 211 7 126 35 86 241 138 103 226 140 181 215 11 184 33 184 149 78 83 66 40 62 187 216 184 28 208 92 234 80 6 78 177 151 117 190 11 84 190 15 236 202 74 2 147 172 207 122 163 187 22 139 95 229 19 161 149 108 115 129 28 234 5 54
56 98 192 232 84 16 14 29 124 82 237 126 124 179 170 152 8 129 203 26 26 248 71 67 237 66 237 230 216 232 45 75 255 98 146 192 218 124 152 68 153 219 197 129 103 167 164 237 58 227 158 7 79 55 74 14 196 209 242 103 17 216 230 239 237 134 173 221 128 249 45 247 24 163 137 1 85 64 162 204 123 127 147 79 211 108 17 73 238 6 225 231 120 117 160 98 139 192 90 158
98 84 25 176 157 235 244 56 226 233 67 10 113 240 64 14 12 83 202 239 139 251 119 98 128 129 136 89 194 156 98 46 152 179 71 114 245 164 211 93 34 187 154 102 58 207 135 176 103 23 183 15 52 245 87 236 118 99 22 107 184 238 38 82 114 159 128 163 28 191 215 25 186 59 67 162 97 221 151 178 117 39 142 217 65 247 190 227 6 77 97 39 216 121 41 249 255 250 94 59
168 52 207 151 185 153 82 172 46 220 50 185 206 14 146 93 126 100 237 145 209 234 148 220 11 139 167 105 239 224 4 71 198 249 28 121 117 174 197 11 182 25 165 7 18 115 162 104 105 219 16 163 5 185 102 254 64 137 255 83 149 13 16 83 27 121 178 237 165 51 52 102 36 154 27 179 49 169 176 78 18 156 81 207 253 47 10 179 0 209 77 213 235 66 192 133 123 116 252 54
178 158 145 146 102 166 27 205 220 62 55 175 188 77 99 192 132 208 53 206 56 172 82 174 249 40 130 203 64 57 190 171 53 145 43 28 225 69 11 92 254 150 205 198 140 220 127 63 43 186 188 37 107 188 163 153 248 79 242 67 134 213 186 13 51 135 203 116 112 255 9 248 166 60 170 201 50 196 250 1 248 238 49 49 167 248 12 231 10 89 46 175 168 13 202 195 150 121 239 42
224 37 59 89 241 109 145 74 98 107 253 168 37 81 211 79 245 96 63 85 0 58 205 120 129 94 132 6 255 64 189 131 138 5 62 14 190 241 168 79 85 31 145 35 197 189 53 185 110 152 98 184 88 225 128 249 241 203 211 37 78 30 159 61 254 37 240 64 235 4 80 64 50 111 72 238 112 93 136 212 72 4 232 76 190 60 161 95 64 156 173 40 207 12 153 3 166 237 239 220
220 146 141 210 15 9 136 213 210 54 91 246 0 211 45 136 75 99 53 86 148 87 206 148 10 63 77 33 220 147 173 206 42 167 30 177 48 218 240 170 15 153 119 233 22 20 197 238 41 36 74 6 36 123 164 184 237 213 120 133 102 127 46 101 157 37 93 248 233 79 124 15 246 8 74 42 41 47 173 47 56 155 14 221 168 241 190 175 171 197 244 177 32 82 186 43 77 211 176 57
5 215 90 80 41 58 35 98 64 228 31 108 177 247 192 133 127 34 78 67 232 133 45 66 234 182 26 76 223 210 190 135 197 229 75 144 75 143 15 210 222 198 189 81 54 9 21 152 164 117 250 229 46 59 68 80 5 234 183 144 182 44 218 34 220 77 196 60 168 0 243 250 103 4 34 239 174 104 253 59 53 135 70 70 76 90 93 133 74 252 114 195 221 148 201 23 31 164 248 175
25 235 118 125 226 240 239 223 53 221 198 232 46 19 41 86 205 178 76 169 181 145 23 114 248 198 224 160 186 153 163 6 108 177 79 190 56 178 202 25 232 161 166 145 95 160 70 67 249 170 161 14 229 153 1 69 97 229 205 11 185 11 25 49 156 35 0 192 170 157 205 6 197 87 10 152 241 184 159 34 201 109 103 228 92 44 205 143 99 202 194 176 91 180 106 24 119 129 104 147
142 240 23 135 228 132 43 178 88 229 218 47 99 224 146 34 22 86 30 80 108 149 233 182 59 18 192 181 122 216 195 10 26 4 217 113 111 248 136 96 21 39 223 237 192 165 158 122 217 29 245 132 177 171 43 77 39 123 81 247 250 119 89 109 102 87 106 146 208 6 237 20 64 184 217 63 50 42 76 184 100 191 54 191 143 223 94 73 230 209 203 254 191 199 188 70 83 4 145 5
99 12 199 144 166 59 34 30 58 91 145 113 113 148 176 119 64 79 219 15 63 113 163 147 134 218 165 159 117 164 77 229 19 131 153 204 109 158 132 188 173 6 115 144 164 245 190 206 193 158 45 52 176 47 244 226 124 70 89 241 225 111 33 129 1 142 136 35 48 141 3 60 247 235 228 43 232 246 255 109 63 237 213 169 92 0 168 53 27 166 232 101 239 170 142 195 136 63 112 6
221 250 37 136 27 212 244 86 256 249 222 254 142 22 148 66 153 145 77 197 72 168 127 227 27 103 85 22 256 94 223 211 207 75 235 228 158 7 235 203 145 143 82 158 9 54 156 121 89 179 127 123 84 218 185 157 242 0 156 136 178 175 176 114 212 203 202 198 71 41 88 67 110 161 63 178 52 155 46 105 151 161 204 143 108 1 167 106 118 121 191 88 225 233 136 161 181 148 164 131
74 114 0 213 119 192 103 248 105 145 242 112 24 140 157 55 79 84 17 54 29 121 254 134 79 40 45 55 199 192 147 70 3 49 211 172 195 157 82 65 190 251 15 46 20 68 130 3 109 174 175 191 254 218 253 86 218 170 239 160 89 253 6 50 50 53 211 211 210 130 140 226 193 230 73 95 232 72 141 1 23 25 41 4 57 87 60 128 104 97 250 111 159 241 48 110 201 58 45 200
81 205 58 80 63 18 76 158 116 9 186 157 2 56 20 138 108 15 110 218 16 254 203 181 196 214 178 253 230 49 84 63 252 40 90 202 119 12 212 172 90 70 149 242 125 65 115 204 99 68 124 180 68 64 41 218 27 205 68 18 130 7 72 162 103 12 81 72 35 103 197 125 33 148 7 130 209 26 255 114 195 106 227 11 67 156 100 203 34 166 163 183 181 134 62 34 112 95 210 198