150
155 228 14 65 176 221 221 246 113 165 157 152 131 219 75 224 146 228 197 241 157 81 63 12 172 162 90 182 6 99 231 238 180 226 45 255 56 249 191 151 74 182 28 116 138 170 155 255 17 14 153 206 20 175 152 171 211 195 86 50 256 161 146 165 160 198 127 223 237 67 98 109 170 234 25 111 30 62 93 94 68 186 159 235 164 123 186 148 70 243 192 16 198 113 100 77 172 30 190 178 30 126 100 33 239 18 239 34 200 89 235 181 164 112 78 93 57 79 232 117 203 67 2 106 200 93 168 39 174 155 111 220 244 94 48 36 206 229 87 253 29 225 198 228 58 61 65 137 205 89
148 201 42 246 140 172 46 84 215 163 187 111 216 28 24 189 60 82 92 109 86 157 107 100 215 150 119 43 1 52 157 107 67 246 177 122 114 181 16 248 185 159 93 87 157 208 84 65 116 40 41 147 116 254 151 51 31 68 15 45 242 214 12 175 188 98 14 162 172 8 171 193 93 166 12 239 161 67 202 51 0 194 168 237 5 141 104 197 156 83 144 81 112 194 156 109 12 142 47 153 155 34 165 146 37 99 134 229 42 224 63 6 129 47 13 11 95 81 79 176 249 85 22 61 137 253 231 168 66 134 67 6 256 85 41 107 43 45 129 87 37 5 106 210 256 134 61 41 131 203
128 22 117 93 16 208 150 202 246 194 117 111 37 86 167 9 20 122 100 197 236 67 160 69 119 156 84 100 24 135 41 105 20 160 62 162 134 225 111 54 115 129 135 163 1 181 18 179 127 125 198 183 246 222 68 220 158 4 9 68 30 145 250 120 255 98 236 190 75 219 186 186 206 16 111 202 140 9 115 118 58 19 225 239 194 37 110 253 212 176 48 79 229 217 221 129 123 47 3 40 239 62 196 231 201 41 180 159 219 145 49 161 153 16 193 204 126 77 165 2 37 174 252 192 89 133 156 239 42 239 239 150 121 57 224 176 247 29 44 70 86 188 9 37 191 41 176 114 193 5
85 90 41 64 57 156 71 110 197 56 4 62 192 105 107 130 151 232 166 146 100 81 6 252 246 87 234 232 37 38 35 19 170 166 4 118 185 41 144 242 37 167 73 112 244 48 201 251 192 146 57 141 30 69 39 252 236 235 184 108 255 256 26 23 120 54 29 134 1 110 54 122 68 180 41 89 50 211 19 215 0 227 153 205 53 38 169 97 9 77 55 62 28 142 23 57 36 135 167 109 21 178 57 47 131 12 234 50 108 141 136 210 200 151 184 101 97 248 249 84 187 35 109 236 184 11 35 194 173 166 220 131 16 157 220 6 101 218 5 180 88 163 204 131 95 102 77 254 23 110
70 249 224 171 48 156 217 177 41 226 83 38 153 24 31 123 202 97 79 118 140 60 63 88 124 155 45 151 200 207 8 3 183 143 27 35 159 63 56 174 171 141 6 221 195 36 102 62 197 222 172 209 144 180 157 103 43 185 64 220 211 66 75 210 163 46 196 138 28 83 115 51 194 214 230 110 191 91 125 79 10 116 196 33 191 189 62 57 108 70 62 233 254 59 202 256 11 206 63 150 117 239 193 99 35 155 209 208 109 145 177 251 119 71 27 145 191 51 41 36 181 190 105 5 82 35 242 120 56 85 255 61 137 241 180 29 221 33 29 98 17 18 209 27 120 212 18 8 181 150
22 55 125 113 251 19 152 68 210 1 37 75 30 228 45 65 233 221 244 193 135 212 180 181 141 155 183 145 220 105 189 153 0 62 126 89 211 130 230 59 223 20 128 231 138 177 7 205 239 180 170 130 37 164 158 134 12 37 54 238 2 67 243 86 139 179 133 148 48 136 124 5 191 183 33 7 256 109 144 229 171 248 73 256 255 196 101 11 220 254 186 121 66 136 93 190 235 185 183 32 160 42 34 89 170 100 203 152 241 174 218 80 93 193 10 124 38 170 38 64 69 142 39 136 225 112 113 220 132 146 251 143 155 86 120 19 16 174 196 230 210 29 184 76 145 134 17 67 217 169
57 108 111 218 242 33 235 147 132 29 171 221 219 154 26 181 231 153 111 29 1 49 189 143 69 150 254 114 27 10 160 133 89 165 160 154 104 167 221 204 205 125 209 91 3 209 51 211 86 6 248 252 81 251 114 148 84 151 93 170 7 224 230 164 226 17 218 91 160 46 65 227 2 9 16 30 229 175 208 201 131 24 22 255 208 6 103 11 49 22 41 171 165 39 0 186 97 235 70 0 41 72 248 68 23 107 43 93 94 229 212 92 98 119 164 15 85 2 119 215 201 116 0 60 11 25 24 46 254 14 244 184 228 232 94 230 187 111 188 237 51 39 115 125 160 212 198 90 99 163
55 227 57 6 77 73 233 35 84 233 175 30 51 145 209 158 29 96 206 42 33 8 242 183 23 101 120 31 66 17 249 216 112 95 118 104 7 28 230 37 33 245 78 104 81 157 233 65 181 113 32 255 124 243 143 119 144 165 81 208 182 91 114 227 107 204 225 165 154 232 165 25 62 47 250 129 50 201 181 198 220 201 210 74 8 54 240 193 35 247 163 111 225 188 216 24 115 45 205 101 250 171 79 239 256 179 226 252 164 122 109 75 11 222 241 75 243 63 252 29 56 219 78 221 92 178 69 95 86 213 135 195 114 140 47 73 86 110 212 13 224 74 133 65 157 138 181 180 81 237
67 241 163 6 155 139 178 220 45 252 122 74 104 141 234 14 146 154 9 214 51 61 113 62 130 97 228 26 107 86 247 55 217 115 52 21 247 196 55 153 60 228 181 28 38 101 15 244 196 51 184 137 221 227 114 98 250 252 221 246 41 11 186 57 60 68 239 129 60 115 90 26 79 110 199 41 40 163 152 82 84 31 201 115 216 204 28 194 154 0 14 226 112 129 232 26 156 159 151 225 165 153 67 77 171 127 3 90 199 138 196 202 14 74 111 145 127 134 66 135 241 175 135 247 74 222 199 187 152 186 96 165 247 194 31 247 144 239 187 150 256 255 253 133 79 127 233 91 158 74
117 27 4 204 207 234 165 201 149 106 178 54 147 80 177 29 203 139 72 199 103 202 242 248 54 256 172 214 148 241 132 44 105 187 230 118 85 136 95 212 172 123 79 175 107 3 16 68 71 20 48 142 190 188 28 36 39 91 30 118 134 228 148 227 253 29 152 2 163 232 91 78 110 55 182 128 245 219 73 211 48 249 214 224 85 81 249 38 106 26 30 65 250 16 103 31 57 82 145 39 241 60 254 216 193 203 211 229 180 248 181 160 182 96 206 232 31 91 73 229 123 121 14 35 191 38 70 199 169 82 225 192 233 236 243 215 17 27 183 19 194 37 133 181 66 71 131 151 224 10
205 48 157 116 83 170 39 157 45 176 115 169 51 95 250 129 172 77 186 3 180 243 66 100 191 33 57 151 192 248 57 227 162 108 113 3 5 189 250 144 1 189 112 97 35 61 222 5 225 188 57 118 5 119 65 229 94 210 6 37 172 182 40 202 118 233 125 16 92 19 246 192 92 245 224 57 141 168 133 62 49 39 97 194 167 129 98 149 34 43 53 105 92 222 216 17 136 54 113 72 63 10 88 194 132 232 190 36 193 71 99 223 218 208 11 51 241 54 178 52 127 126 165 219 45 183 25 175 215 247 16 45 80 218 51 216 127 111 27 142 171 98 31 130 94 83 101 249 255 48
90 76 33 176 223 166 218 46 42 31 243 23 228 154 50 58 37 94 152 30 193 49 178 255 163 20 109 113 39 28 58 100 125 212 229 98 164 128 1 35 58 133 227 190 163 94 152 198 107 103 123 143 190 40 202 88 119 152 230 226 83 121 206 51 65 205 28 80 100 176 54 170 146 156 240 26 224 22 75 134 216 199 190 82 158 210 33 213 15 2 131 168 251 68 146 108 97 140 114 217 128 183 189 132 164 252 215 119 138 148 206 80 5 50 66 163 122 95 191 147 65 255 167 126 249 187 236 6 242 186 28 83 230 18 22 18 198 163 196 212 61 213 144 200 196 165 238 119 4 256
36 169 143 105 61 189 45 104 95 32 256 199 188 174 56 47 199 238 62 30 193 184 147 178 192 46 124 134 254 256 104 133 152 120 114 20 39 176 31 179 126 59 218 153 134 202 57 113 123 31 172 168 91 136 13 100 70 159 182 232 51 177 58 45 35 241 233 187 142 79 45 31 23 146 155 54 119 244 90 10 148 40 155 40 128 246 75 140 61 22 3 159 19 230 113 245 248 207 224 131 247 171 228 219 97 54 24 44 119 73 77 52 180 166 219 217 30 68 20 28 223 101 13 72 16 164 181 231 21 200 201 129 126 139 203 196 44 122 51 245 201 12 134 176 93 186 181 68 238 140
226 230 121 49 43 99 251 240 100 72 213 240 119 9 144 44 141 27 188 61 210 46 120 249 163 101 143 180 183 17 228 253 231 93 7 177 8 124 51 215 103 196 48 157 53 180 188 44 156 65 15 62 124 48 58 38 49 71 228 228 243 205 103 202 127 248 66 107 44 190 36 21 231 131 192 91 155 36 137 180 89 96 235 146 29 103 6 60 243 151 4 211 168 160 86 130 84 220 196 169 145 247 247 215 98 242 154 104 5 218 237 118 32 105 120 157 126 250 161 66 251 151 186 183 215 146 101 159 177 252 107 200 93 254 171 29 6 224 122 239 18 117 223 88 17 65 66 149 3 215
196 123 25 140 154 78 202 130 211 121 91 250 136 65 2 8 132 216 169 140 16 54 93 68 164 96 242 87 168 168 153 65 185 177 239 142 38 173 218 78 126 78 126 159 51 212 235 107 34 41 206 190 153 233 41 153 176 108 58 73 110 170 142 177 42 218 34 122 228 153 185 181 53 44 17 117 15 67 140 131 162 104 255 81 82 92 104 4 129 199 26 0 2 98 197 33 111 35 37 163 10 121 60 159 84 110 168 21 111 173 156 118 48 113 2 37 159 76 82 135 45 167 120 180 41 34 59 43 52 176 213 10 165 226 164 128 14 81 206 34 157 213 33 60 210 210 130 164 130 194
34 181 116 17 100 94 105 142 202 193 118 140 74 45 221 109 181 195 23 141 42 98 8 78 92 252 22 25 209 225 170 177 225 99 10 153 218 88 239 74 128 127 225 108 186 224 88 199 46 174 96 199 161 232 159 186 117 51 74 15 83 17 26 23 19 52 74 161 117 227 39 87 252 5 83 216 143 42 192 86 88 139 42 207 221 9 204 7 112 0 26 94 40 58 108 160 254 163 141 118 230 236 253 248 234 192 115 7 217 77 100 253 256 211 186 71 146 39 196 18 53 18 248 115 231 80 157 216 2 111 32 17 114 92 88 55 168 64 202 64 101 88 221 128 191 135 81 34 248 236
153 36 182 256 98 162 184 0 253 250 197 110 206 55 61 53 76 242 174 27 179 144 16 1 21 224 102 231 205 233 80 232 180 32 28 61 43 168 5 92 168 55 217 27 201 79 134 161 238 255 25 102 56 51 224 66 53 105 19 199 149 24 114 133 170 163 167 148 117 114 47 138 44 14 6 177 92 209 108 22 128 201 29 204 102 25 211 15 249 23 113 86 176 222 223 162 18 228 171 217 138 32 242 220 233 23 159 122 151 252 141 59 207 218 54 58 49 173 110 212 82 155 116 226 249 87 16 59 173 196 250 2 149 98 15 50 98 102 190 128 10 122 96 233 250 31 198 37 113 125
251 229 239 158 9 176 61 167 79 139 66 154 168 12 142 149 213 11 52 0 63 5 185 69 94 16 10 26 149 242 137 162 124 51 204 19 83 113 244 37 197 23 122 1 178 174 67 26 205 184 205 101 110 11 79 44 9 179 148 98 173 1 199 73 189 53 23 176 143 241 183 159 80 175 52 50 205 252 110 207 219 204 87 254 144 141 172 57 204 106 66 128 151 221 17 53 22 163 82 48 247 123 53 83 167 202 6 14 103 129 67 121 114 184 131 84 244 201 253 163 214 55 66 185 187 155 87 149 46 172 229 226 64 110 56 96 140 254 9 11 180 39 121 24 187 23 52 191 36 84
256 123 234 84 211 145 63 15 124 47 161 45 196 138 117 14 235 185 144 89 66 25 44 192 187 234 88 212 151 124 207 213 49 24 1 226 151 102 61 80 197 156 122 92 92 131 81 94 31 175 146 114 118 93 196 154 175 253 227 10 254 221 146 233 21 98 162 113 209 109 102 187 43 198 179 199 150 145 168 238 196 120 177 119 130 95 88 155 55 233 26 238 181 22 124 249 49 169 66 47 213 72 197 157 117 232 47 133 50 149 212 12 70 37 215 124 121 99 146 59 103 100 49 29 227 141 256 215 47 198 133 104 76 235 197 16 225 105 218 165 152 63 241 56 143 232 114 127 47 113
90 233 239 21 165 21 136 219 14 236 109 146 68 109 27 222 46 204 120 19 8 7 128 10 56 209 199 58 25 120 180 154 49 189 86 244 6 29 249 103 18 73 244 102 100 101 72 178 146 168 116 21 34 69 51 198 166 18 28 233 200 63 247 166 142 227 92 27 31 66 87 7 148 146 109 127 97 7 159 108 242 176 96 203 152 6 48 179 62 146 217 168 63 9 45 81 152 201 62 232 128 217 19 70 62 165 139 42 22 21 94 208 165 209 161 81 90 254 75 43 247 217 85 69 189 0 19 92 240 246 32 6 134 139 74 21 138 122 225 36 45 78 209 108 80 222 72 223 19 83
55 239 237 24 196 4 214 123 93 30 170 128 110 207 203 173 188 38 122 150 138 229 168 254 190 36 16 68 16 241 24 129 162 2 102 200 223 114 207 224 222 189 96 175 96 226 62 12 97 227 162 175 104 31 49 58 128 207 189 59 33 224 148 46 73 143 23 195 245 25 127 226 176 107 162 180 95 77 141 36 226 96 26 127 41 234 95 61 112 206 130 188 18 20 218 137 4 118 223 89 66 188 56 48 218 198 36 27 89 105 17 37 153 180 137 129 169 85 20 13 3 86 82 114 248 112 6 143 252 32 28 168 138 163 20 82 39 43 152 193 237 66 237 244 216 58 180 39 69 184
220 235 230 80 29 109 188 239 24 209 17 186 136 66 125 249 155 207 182 226 146 101 103 110 204 111 100 249 186 143 148 165 197 219 18 144 0 79 124 179 28 183 150 214 95 187 75 104 109 23 206 208 210 14 192 182 109 227 80 169 66 178 1 190 188 187 124 64 166 213 17 208 94 131 43 84 101 217 32 5 66 165 237 118 181 104 204 244 124 130 202 133 249 249 106 161 153 189 26 33 219 241 161 39 239 226 30 187 243 187 256 231 106 256 173 146 196 188 127 58 135 230 27 1 247 35 7 181 193 191 31 243 20 234 241 250 7 127 180 90 14 205 248 230 84 138 184 224 104 55
45 40 88 226 57 240 95 181 166 178 256 4 128 29 42 110 44 130 51 61 21 67 199 192 117 232 244 61 185 23 46 201 116 117 195 67 132 119 204 90 8 3 158 60 236 6 109 214 128 197 59 50 56 141 89 155 178 193 235 94 232 136 177 230 102 123 132 217 229 82 32 70 143 189 187 104 54 219 104 244 86 99 211 82 233 172 210 75 48 177 146 105 39 97 250 75 222 251 67 241 3 107 243 224 57 193 235 126 74 230 172 73 93 55 31 250 107 71 18 252 101 81 61 188 26 20 201 71 134 211 35 98 196 170 190 71 167 239 158 214 7 6 66 45 30 235 107 92 198 28
174 253 187 231 143 136 53 158 233 15 218 183 135 30 154 50 49 170 59 184 170 104 153 250 53 255 124 122 34 110 151 45 91 4 127 206 95 179 217 19 64 152 187 161 29 130 61 21 156 231 169 189 96 48 220 141 177 64 236 122 151 181 250 226 61 15 0 10 27 215 234 192 61 196 57 230 9 250 161 227 101 110 105 197 108 171 37 233 188 143 29 205 188 206 18 22 63 142 175 88 245 64 205 242 246 63 169 150 222 52 183 170 130 204 206 197 163 251 21 80 199 185 224 45 244 181 30 44 110 250 34 202 26 133 68 3 111 62 201 206 170 61 204 242 251 182 75 208 242 72
18 10 209 212 92 23 6 18 43 124 15 237 164 208 221 179 203 222 202 19 186 178 101 61 29 100 5 193 215 17 12 198 64 35 164 22 132 0 182 199 253 222 59 2 96 245 156 17 21 7 153 205 65 22 25 146 68 82 13 241 107 69 216 100 218 223 218 79 21 157 192 68 49 232 131 204 68 51 216 12 184 237 183 183 0 28 40 110 231 69 168 176 98 221 15 84 148 249 197 93 209 191 161 140 109 77 1 142 124 118 58 180 52 101 92 130 1 252 142 65 135 153 47 226 91 61 108 227 109 49 176 125 157 189 115 63 19 217 198 43 62 157 147 60 253 163 59 153 165 42
78 207 30 224 142 147 29 224 102 48 157 255 254 165 186 160 7 109 73 32 2 85 229 160 82 247 255 92 212 11 107 86 234 2 217 190 41 175 27 161 82 135 16 38 34 212 149 129 75 93 99 184 78 247 6 232 52 177 51 209 225 79 234 233 162 235 54 32 218 171 82 208 65 0 8 59 119 54 92 194 33 192 107 159 74 61 171 52 166 68 189 170 137 86 200 10 158 26 242 111 164 159 224 97 189 194 215 35 17 189 32 231 178 247 227 174 135 164 126 2 243 132 60 202 1 73 72 145 1 180 103 168 15 205 10 216 85 13 137 214 236 5 189 215 188 15 208 135 20 159
37 42 251 199 6 207 204 18 245 167 8 114 101 195 63 133 130 162 124 32 176 105 24 46 9 255 249 226 77 87 2 0 18 149 227 217 157 93 134 181 29 161 216 85 246 103 237 122 198 115 239 10 204 106 37 160 81 116 253 139 91 201 76 201 181 93 194 8 7 65 225 152 242 182 159 34 7 243 116 124 126 38 106 57 21 33 124 165 184 39 195 53 122 254 146 232 85 181 85 77 41 239 78 16 82 98 245 248 75 34 139 76 60 224 57 119 194 115 159 117 130 145 188 139 2 81 63 240 3 160 145 82 42 225 16 185 56 187 23 212 41 80 29 135 179 4 11 173 103 120
126 89 242 173 98 193 185 155 228 190 242 98 75 105 224 17 86 13 47 51 191 1 198 17 143 81 6 183 171 182 190 117 24 177 138 120 221 131 181 106 117 240 128 158 22 14 216 216 93 170 31 132 164 212 3 103 232 116 102 24 194 58 171 57 97 100 175 63 66 108 131 121 236 254 236 71 25 244 19 76 172 234 194 69 34 202 140 86 253 229 253 238 20 47 195 189 187 156 255 1 123 51 100 243 62 148 61 237 139 48 144 135 211 167 228 146 200 230 253 92 10 251 49 251 147 115 106 13 54 155 204 162 218 98 79 49 50 128 95 214 42 85 210 237 99 206 134 3 82 212
39 217 115 242 103 3 123 14 172 175 95 179 143 82 179 219 153 205 43 91 6 116 254 168 3 227 152 58 215 144 127 4 141 100 245 245 228 191 138 79 128 62 76 142 174 242 148 7 198 28 179 19 20 125 138 224 65 142 190 93 8 4 239 150 100 201 196 146 243 97 31 229 145 142 218 43 221 31 70 209 217 39 103 55 113 71 101 31 77 174 170 68 177 239 47 77 74 193 119 132 148 157 103 63 107 188 194 60 11 125 148 256 215 32 239 12 224 128 140 44 101 147 252 151 226 150 179 133 67 36 203 16 136 101 83 65 244 28 109 107 200 167 181 143 153 21 238 85 104 105
208 86 190 128 198 38 165 111 225 36 241 97 244 215 216 80 216 249 204 186 216 91 228 123 171 192 69 79 145 206 122 189 195 159 0 76 161 67 176 195 148 195 204 231 46 141 11 1 188 185 37 22 239 27 187 117 51 74 127 5 33 63 2 32 142 246 52 47 62 146 34 28 239 15 156 25 86 78 210 86 171 246 193 2 121 147 235 180 163 80 108 224 216 181 211 171 198 124 12 213 78 73 10 37 215 122 171 200 35 143 105 177 122 201 206 7 175 18 212 255 86 256 49 214 207 158 245 85 30 63 207 218 130 205 3 89 242 181 127 237 111 223 197 110 183 7 56 74 61 240
21 144 246 236 139 98 149 245 92 179 72 234 121 211 256 94 101 209 138 202 153 120 251 82 121 200 197 147 236 224 231 111 156 220 151 182 171 180 12 30 152 234 243 129 238 204 209 139 243 183 48 116 208 253 38 122 108 224 68 138 184 63 96 107 88 133 130 80 216 47 76 119 85 171 56 122 118 91 27 140 186 220 139 249 93 132 108 68 56 197 111 215 236 26 120 51 155 249 185 190 220 175 31 79 34 54 221 182 92 65 120 149 9 136 31 34 117 18 189 8 196 0 211 206 187 130 210 67 40 133 172 154 100 99 46 76 208 179 256 187 123 245 170 81 10 248 12 185 165 18
107 192 91 114 220 106 44 206 2 166 136 177 212 97 88 162 143 94 31 69 206 94 168 255 100 75 37 142 235 45 193 147 165 12 249 209 169 35 29 154 250 50 230 146 36 228 128 166 18 38 64 2 27 12 249 128 175 21 55 234 199 53 199 215 165 82 141 18 10 55 225 39 5 11 78 17 185 242 29 119 94 210 13 245 50 90 164 91 43 120 28 48 239 200 210 173 134 110 13 210 200 238 230 167 109 22 112 67 165 60 81 171 172 5 129 172 70 230 111 103 147 101 141 232 97 235 224 119 85 9 208 168 72 49 118 40 101 2 60 89 32 166 108 14 52 42 154 240 66 194
78 96 153 36 124 79 243 233 28 63 103 211 202 106 132 54 173 216 40 254 109 155 218 56 175 12 60 235 161 110 186 125 50 68 89 80 176 196 52 207 206 78 186 2 236 145 94 230 32 253 236 233 239 102 78 93 230 48 126 197 202 159 210 87 188 118 113 58 35 77 48 157 237 250 42 49 236 212 229 241 210 15 156 224 174 214 52 100 64 233 84 14 14 240 126 218 77 145 208 165 119 70 188 74 10 14 0 219 119 147 111 117 205 33 243 36 112 69 159 40 142 202 39 218 244 217 40 113 0 51 94 7 225 120 167 10 207 132 188 70 21 198 181 165 233 134 10 135 236 12
152 190 117 69 32 100 229 102 15 44 143 252 121 43 182 49 169 126 17 134 165 18 223 10 134 127 25 99 135 227 139 98 40 147 194 118 240 132 229 84 96 55 104 171 27 67 128 132 107 0 89 91 147 36 86 119 255 102 130 38 115 93 251 156 186 182 171 116 69 13 100 172 10 49 232 77 186 17 251 243 237 243 176 244 43 203 35 225 37 31 51 40 81 13 210 129 169 11 106 71 122 133 52 44 153 56 43 244 26 97 237 22 177 53 112 83 167 14 253 204 244 132 185 112 253 21 226 187 119 181 152 244 253 185 94 233 38 149 162 132 164 256 66 161 13 93 210 182 136 35
107 208 171 34 212 99 84 77 68 247 114 18 143 218 33 253 16 79 204 129 52 179 195 101 116 49 175 120 221 248 26 115 216 52 16 53 106 187 50 173 25 84 44 46 35 194 116 52 157 207 185 54 6 88 90 50 169 54 251 237 25 196 132 116 176 120 57 112 246 196 229 218 108 168 44 225 128 183 84 255 4 123 50 205 134 242 145 188 73 103 147 27 188 87 130 42 144 19 170 250 63 159 64 29 0 150 62 90 117 126 128 30 164 185 23 39 226 38 0 210 220 138 150 210 170 195 57 146 147 253 123 32 172 256 231 236 157 36 207 210 137 250 2 40 208 193 56 159 33 53
244 162 53 115 135 0 29 112 221 158 111 30 235 98 207 87 88 17 228 49 60 65 91 222 43 200 22 197 249 64 241 130 30 149 81 170 142 170 140 200 234 147 140 235 17 188 247 219 85 135 14 57 98 32 229 42 53 11 177 206 210 161 143 148 24 88 186 187 222 201 174 220 190 136 185 38 1 67 132 196 72 178 100 182 169 238 188 133 119 150 204 229 161 51 57 3 49 172 109 195 96 39 199 63 37 223 209 224 227 113 41 207 248 76 145 2 134 41 95 220 76 162 108 73 89 39 53 33 38 223 41 231 43 253 215 210 156 41 185 207 110 174 188 171 237 72 223 126 238 226
1 13 50 186 38 17 97 143 186 187 155 158 206 64 211 241 129 73 17 187 118 124 57 244 250 11 243 50 47 206 251 134 252 26 202 245 237 127 129 121 148 149 79 46 109 21 182 58 164 90 159 83 6 110 104 225 221 142 75 221 2 254 111 127 245 167 182 160 119 165 129 115 221 220 137 160 70 55 87 190 231 3 49 14 49 252 53 62 169 25 201 21 237 79 97 183 213 181 127 211 196 63 124 26 152 122 25 127 4 36 56 21 236 43 153 14 237 218 234 149 170 151 100 80 9 65 120 92 84 55 172 229 104 232 7 115 95 49 121 89 226 2 233 152 133 23 143 256 211 106
89 222 54 159 218 247 217 168 172 15 79 226 184 153 108 182 57 60 73 97 142 250 21 53 156 233 51 195 246 44 90 250 171 70 92 58 148 223 55 48 231 167 79 79 134 228 126 214 115 143 225 164 139 150 175 152 57 140 63 98 10 160 51 225 3 136 246 232 146 56 183 124 0 172 48 63 129 221 188 58 9 212 195 223 143 31 74 241 39 247 17 162 199 111 227 161 177 142 33 177 117 63 144 213 135 243 219 95 6 72 169 26 174 167 98 2 164 105 98 104 183 156 213 237 106 133 207 203 38 185 122 118 115 152 230 180 178 207 24 174 153 47 82 232 143 226 156 139 104 162
239 0 223 56 224 183 115 163 87 253 217 35 147 202 147 54 22 101 98 236 120 247 168 244 12 107 101 4 103 68 62 62 32 254 193 217 40 88 125 201 201 211 106 133 73 39 77 87 212 17 170 202 175 8 36 229 141 237 203 119 141 152 91 67 30 227 39 45 94 165 100 206 194 136 70 100 214 31 122 19 164 23 221 71 61 134 218 62 255 24 121 132 153 68 111 254 75 183 18 32 63 47 92 242 57 204 207 254 131 54 204 100 170 29 141 3 136 37 14 213 140 49 128 242 182 184 2 201 230 154 250 180 120 156 133 163 175 29 189 96 117 226 116 128 129 179 254 53 136 92
231 56 162 110 48 100 126 91 237 69 20 42 132 42 192 197 64 119 52 51 36 233 167 193 176 100 193 95 255 53 170 225 62 148 4 87 49 195 53 153 69 160 83 69 196 176 239 60 14 131 180 235 151 147 227 229 3 197 236 90 60 68 110 215 157 166 4 162 130 241 244 207 177 46 256 219 167 236 245 81 239 107 115 0 4 69 106 14 89 173 238 39 236 148 102 133 31 21 73 110 89 115 198 60 228 52 23 83 245 166 243 177 181 256 113 246 67 216 70 0 182 207 251 237 236 102 146 100 177 243 160 44 48 135 233 137 60 26 180 239 138 191 197 103 135 1 170 135 155 62
205 69 189 49 77 197 100 169 198 209 251 201 256 162 32 72 200 122 0 149 123 244 119 87 206 201 252 184 31 101 128 245 219 65 233 249 75 141 88 54 93 199 151 250 89 82 204 204 158 254 37 245 148 118 7 13 256 92 49 198 54 55 161 233 68 115 217 25 123 22 62 78 97 205 45 156 22 20 35 249 67 204 140 84 27 164 229 158 36 155 112 51 143 200 188 248 76 151 104 90 62 226 107 220 18 98 45 30 117 147 48 38 145 224 33 205 112 229 149 42 58 242 229 119 256 201 104 50 196 158 206 136 46 240 6 164 247 209 147 38 249 24 184 2 89 3 52 69 51 63
228 146 17 215 166 22 94 232 200 192 160 158 246 86 92 50 14 135 235 186 97 32 83 178 66 170 51 204 106 206 160 26 35 15 32 66 246 142 88 199 60 91 150 51 255 205 22 164 164 189 40 205 23 141 252 231 44 85 16 96 48 244 60 168 27 220 112 198 77 87 226 246 135 246 180 82 124 150 118 114 119 116 120 100 122 236 17 180 59 165 225 24 1 230 134 176 238 150 186 24 4 127 102 8 15 208 28 12 201 64 150 18 96 199 15 236 136 128 230 238 214 195 87 113 12 94 155 102 171 132 41 1 223 99 149 60 186 102 221 255 121 203 69 70 94 29 214 160 169 166
194 153 31 202 204 109 160 172 233 196 208 148 30 138 116 89 24 57 10 190 118 88 1 14 222 97 177 125 100 96 29 194 230 135 222 233 136 218 104 28 83 216 187 104 153 177 112 118 128 188 24 213 174 65 213 191 32 253 3 53 45 86 229 93 187 145 36 182 224 231 24 255 47 127 241 168 96 197 150 106 236 90 219 87 253 123 193 102 170 116 243 19 106 227 53 100 174 201 178 113 170 78 68 32 133 66 229 25 29 179 11 253 164 215 169 126 215 70 180 181 56 109 213 139 3 119 53 37 112 80 191 71 85 162 213 109 102 222 243 247 121 81 88 24 237 136 0 75 220 144
192 24 27 244 18 53 256 73 198 173 88 63 13 121 160 210 219 197 162 46 37 31 31 157 121 137 249 179 241 92 216 137 144 88 7 152 226 7 30 186 108 41 224 87 121 154 105 165 11 224 200 238 231 164 81 34 177 75 212 72 172 201 238 188 19 125 36 77 82 213 249 57 51 48 180 128 131 64 180 253 155 230 164 52 40 47 254 181 102 125 156 209 109 192 177 29 252 111 106 78 3 243 97 72 84 234 9 124 43 56 32 93 223 175 14 232 215 47 15 83 117 49 241 57 188 165 2 193 170 29 192 207 159 185 254 245 45 141 74 155 78 111 255 44 39 152 90 179 191 254
3 53 22 99 148 123 124 213 137 183 165 236 251 232 12 141 139 208 56 59 1 11 190 167 163 119 141 103 44 85 226 142 163 66 213 204 167 23 34 252 62 119 113 33 59 116 155 172 151 161 224 1 79 113 123 157 35 44 189 49 168 102 92 248 244 137 55 232 17 118 125 104 256 125 101 186 99 58 209 128 48 230 68 37 131 149 240 114 88 181 148 214 155 134 119 195 209 246 74 23 189 72 165 168 110 246 249 64 247 120 2 184 202 48 89 239 132 146 153 181 239 127 177 246 250 131 150 82 77 201 102 60 229 124 8 211 227 69 182 166 109 28 221 188 176 209 160 229 161 256
211 103 88 178 11 218 110 18 198 58 207 63 204 119 20 74 50 82 126 139 161 62 244 70 243 217 39 237 216 187 128 106 41 127 111 134 250 222 101 127 7 39 80 86 43 57 10 231 153 44 232 167 93 179 103 23 43 149 154 251 2 126 121 112 220 172 219 234 87 199 83 98 139 152 162 75 189 84 182 152 2 35 62 132 36 54 78 140 203 23 159 88 72 137 235 183 107 36 54 39 116 96 218 168 207 51 24 189 30 9 102 23 63 101 227 245 122 131 83 163 7 113 166 145 253 198 32 185 83 213 150 80 4 49 185 151 127 182 245 47 125 242 233 138 222 25 33 134 184 124
8 38 250 12 201 79 239 105 17 144 241 28 254 159 175 131 114 139 37 76 51 215 130 161 102 196 84 143 5 52 34 107 243 8 72 86 164 49 162 138 234 233 147 249 93 122 208 249 222 230 192 207 37 113 53 38 221 40 255 203 210 168 88 96 181 85 73 133 178 72 88 166 170 93 91 124 85 41 163 212 39 105 170 15 93 73 119 127 219 182 158 54 51 221 63 227 223 119 230 81 186 134 166 202 243 233 156 69 105 63 42 199 100 52 10 173 0 118 60 139 195 60 169 226 85 83 242 219 127 245 241 87 67 46 181 223 55 93 133 151 236 179 12 218 126 53 94 16 122 53
16 108 57 151 148 233 119 113 104 74 19 210 86 22 14 143 71 86 150 119 144 92 227 71 128 131 200 250 241 32 56 142 31 28 15 88 174 40 197 42 232 160 185 118 108 224 9 10 241 1 198 7 242 106 75 187 174 126 70 222 147 137 120 213 54 185 89 179 188 98 243 184 31 60 76 9 227 15 255 186 104 163 89 232 77 183 172 190 139 255 55 171 172 62 238 243 247 12 132 219 181 41 140 115 90 185 68 30 16 101 21 45 140 161 56 116 114 233 70 171 233 242 172 158 246 154 256 21 90 27 13 247 209 206 101 253 26 239 83 145 212 176 111 196 197 103 120 237 87 115
146 180 217 26 159 32 116 117 111 215 110 197 146 222 176 75 236 82 90 70 123 37 253 197 17 95 40 86 39 17 113 71 114 196 93 179 154 217 15 91 33 107 241 91 178 240 101 101 229 195 167 165 69 256 32 132 73 179 119 62 3 206 179 30 195 113 66 27 136 114 220 168 18 256 88 167 105 162 26 103 195 114 121 18 158 8 125 242 92 9 160 24 29 199 203 187 175 104 247 64 132 12 74 94 12 160 148 49 191 55 233 221 255 139 154 192 226 33 22 14 216 191 149 242 212 175 156 139 99 49 196 130 60 205 254 26 96 135 130 106 204 152 234 99 16 116 207 141 138 52
240 91 144 199 61 114 51 167 9 38 50 73 223 29 79 6 208 245 36 225 74 4 26 45 242 143 256 39 82 215 76 159 137 96 205 54 218 182 191 150 104 2 146 67 136 122 99 200 173 69 226 77 175 190 76 137 187 149 206 225 136 220 63 7 247 137 131 223 157 41 93 135 243 13 52 32 137 228 155 44 69 19 16 141 216 4 78 77 74 95 206 178 132 66 4 234 69 171 35 108 203 197 55 36 251 202 35 74 184 169 141 32 144 40 5 235 91 136 131 95 5 241 213 228 34 162 35 56 196 202 48 29 224 174 41 27 218 11 43 194 74 168 138 214 199 93 108 246 142 29
222 234 251 121 97 103 208 124 192 167 136 16 5 94 170 128 94 6 117 106 48 153 66 73 28 105 81 213 181 27 178 65 131 233 89 64 33 68 11 57 89 202 224 177 246 1 166 222 132 43 10 29 75 215 240 39 252 179 74 208 101 71 196 151 144 34 49 4 178 37 102 124 153 232 22 86 57 129 191 248 172 73 211 128 255 26 146 75 43 103 148 120 206 183 215 175 115 37 9 85 112 93 153 187 80 212 20 125 104 45 214 146 253 234 145 27 129 141 129 218 82 148 160 25 50 153 3 58 6 30 186 231 16 21 251 170 42 2 68 121 62 73 82 86 128 33 39 223 28 203
178 87 223 216 253 158 165 129 207 25 125 153 237 27 98 80 69 253 228 184 225 206 203 173 158 171 168 148 156 213 130 137 243 194 127 45 129 31 141 238 237 117 135 247 12 188 44 132 81 95 209 157 199 86 156 209 223 209 13 1 248 132 139 8 239 43 253 195 15 75 19 178 219 155 64 121 127 211 121 215 1 85 182 189 181 235 228 206 125 227 99 73 19 155 175 256 51 194 245 17 102 232 97 48 246 181 43 114 221 156 56 113 226 249 34 120 30 237 195 173 1 34 86 6 230 215 252 171 205 185 70 74 84 88 11 73 25 82 138 96 241 172 55 18 45 39 30 196 61 231
75 209 76 255 122 97 175 240 172 215 226 29 31 102 184 9 79 156 101 58 131 235 109 6 31 84 217 227 166 204 243 115 122 177 76 195 100 184 190 209 193 85 26 26 113 93 63 191 157 89 237 206 192 20 123 122 219 126 225 9 128 167 147 230 202 173 176 103 142 205 93 208 67 191 99 74 190 150 230 147 13 125 249 206 126 50 102 63 93 95 61 29 70 113 102 115 98 243 55 151 223 87 143 169 210 201 48 226 138 26 25 129 94 173 207 43 39 70 16 73 254 91 122 66 212 147 182 181 18 177 12 11 252 144 182 130 166 140 122 109 248 229 77 67 19 216 164 160 208 196
125 51 229 57 91 140 20 146 65 181 63 247 138 244 40 86 235 168 156 218 162 130 123 175 77 251 130 212 55 21 51 13 212 41 73 121 218 247 238 73 43 115 29 127 193 55 174 51 14 51 15 239 245 5 51 190 253 150 254 232 104 186 154 86 254 46 46 78 101 251 243 210 207 117 70 93 186 68 133 230 24 240 28 161 193 57 184 102 188 130 194 46 56 243 24 101 183 213 150 5 96 229 26 189 57 36 214 99 206 222 109 241 209 11 25 3 10 150 248 57 108 203 42 136 255 217 36 74 248 63 4 250 120 178 144 204 177 62 236 100 246 211 185 114 5 189 32 146 33 181
238 33 170 132 78 141 146 216 28 163 224 143 9 72 11 222 247 211 221 99 234 33 236 148 160 85 241 176 105 25 59 3 183 85 174 184 86 15 173 26 248 145 215 136 249 26 14 31 18 200 207 37 33 184 5 247 4 79 122 37 138 45 34 169 35 44 250 164 61 54 220 52 176 242 231 193 69 39 180 176 147 126 4 75 35 190 166 163 1 242 92 236 22 220 252 29 225 14 167 223 97 75 195 70 93 115 140 16 76 41 93 217 48 9 117 201 152 104 171 109 4 225 127 37 212 215 149 243 120 52 23 151 121 138 242 76 59 118 247 206 180 83 235 240 156 78 44 30 154 132
212 15 82 49 74 211 97 105 13 110 40 161 41 38 19 118 252 144 126 142 243 200 130 173 210 142 14 242 166 67 79 168 113 148 53 25 120 64 145 55 134 181 82 145 48 108 90 187 127 90 169 216 198 26 246 127 191 151 115 121 246 127 23 224 102 84 182 151 12 239 140 231 52 183 250 63 238 97 167 28 49 90 128 1 14 171 218 92 207 153 109 46 78 231 219 201 56 157 231 232 95 226 167 234 92 121 71 66 162 16 239 136 205 148 41 182 153 214 233 41 134 48 116 230 78 134 223 188 221 146 186 194 136 30 90 172 220 105 193 114 46 26 110 234 177 47 37 147 43 60
42 41 111 24 245 162 96 229 26 252 171 82 176 58 35 231 113 96 147 175 41 80 101 16 244 14 91 142 112 229 120 41 62 75 222 146 74 44 78 173 152 16 163 7 68 123 123 103 169 229 221 89 29 130 33 53 221 123 22 251 44 187 211 15 16 180 124 49 38 173 104 91 210 46 2 20 196 250 196 176 15 254 194 210 164 252 218 105 51 1 61 228 201 4 83 35 183 71 230 173 137 164 41 225 71 108 225 42 48 32 19 137 88 192 190 77 201 251 14 158 52 110 78 33 206 143 62 166 177 92 226 97 148 255 8 244 23 36 15 35 16 196 183 226 143 147 212 116 39 128
60 18 46 87 220 176 0 199 54 57 163 34 30 98 197 163 227 84 108 169 223 9 84 194 14 79 197 176 168 7 118 17 229 213 126 1 49 27 168 71 134 187 14 64 205 219 166 75 159 63 117 142 44 185 35 22 148 136 194 23 13 74 0 140 179 229 253 116 243 110 190 82 208 236 132 96 0 30 78 221 4 151 196 249 49 36 195 155 34 251 11 53 20 196 255 24 113 235 183 4 252 181 78 196 19 29 62 169 80 96 226 138 93 174 15 116 120 186 90 3 1 224 253 129 120 73 42 206 150 3 112 81 126 86 75 171 169 89 84 187 212 73 137 198 215 239 188 2 234 141
248 62 27 205 33 180 197 226 229 186 44 140 144 129 218 46 195 24 188 66 173 120 102 63 87 105 117 243 135 6 231 130 46 239 24 157 10 95 94 112 96 19 135 168 42 96 114 234 58 188 16 67 92 98 233 174 215 19 13 146 23 201 116 154 117 155 46 152 141 243 85 60 169 112 223 241 176 116 77 21 110 32 231 178 13 86 146 67 27 73 57 212 59 43 22 16 56 213 235 40 197 7 66 180 154 142 42 210 235 20 189 83 79 79 208 133 233 42 59 197 1 151 164 174 186 126 120 19 8 198 9 118 256 91 231 205 207 250 65 92 215 244 133 156 168 209 150 243 80 101
169 76 148 201 47 114 157 69 152 18 153 67 232 204 17 130 132 129 38 176 25 214 148 165 159 4 56 132 115 26 33 217 38 238 179 213 120 47 82 96 23 242 29 208 8 61 71 93 56 219 130 107 82 174 183 9 77 217 121 164 59 82 114 48 147 54 238 114 13 104 143 210 149 256 179 147 27 106 141 66 197 134 217 48 199 220 147 135 250 193 17 27 236 115 52 167 185 93 150 188 1 244 245 127 208 100 139 132 93 229 138 181 212 49 63 195 240 110 188 43 187 128 158 36 171 222 17 170 58 163 103 249 212 64 189 190 76 184 241 67 47 172 9 243 49 47 245 41 223 22
144 64 50 113 51 25 123 208 55 87 114 242 27 195 82 113 15 166 11 1 145 159 37 243 186 102 238 254 141 68 151 75 213 56 70 157 158 26 73 144 110 85 240 181 132 154 215 232 181 157 134 1 43 221 9 239 127 155 220 102 213 92 174 28 218 248 165 2 182 182 244 155 43 206 101 74 227 64 249 96 9 12 212 81 194 3 254 32 119 187 45 170 36 152 99 217 199 217 23 253 200 75 179 184 179 165 76 230 14 119 173 191 205 223 17 14 176 113 86 96 141 150 208 164 64 7 110 93 20 110 88 124 251 107 48 218 208 100 87 192 243 182 107 244 18 116 221 77 137 208
70 12 110 126 196 52 137 14 202 208 184 217 195 120 121 45 11 56 111 106 65 228 118 148 21 156 30 173 156 233 227 231 77 140 164 27 175 19 248 137 180 161 39 116 135 252 67 198 17 215 204 121 237 106 192 138 45 107 168 117 91 206 85 214 130 209 20 12 137 211 147 184 132 171 177 107 24 20 249 207 234 215 169 215 82 105 63 251 50 186 210 175 232 14 116 109 66 221 54 94 136 32 107 43 166 167 30 255 84 255 137 209 5 169 117 15 134 53 219 201 143 214 77 215 241 81 194 147 195 53 177 37 44 28 179 38 178 239 161 248 234 213 35 249 256 173 66 18 184 181
53 119 246 180 47 111 238 226 210 109 168 162 11 66 49 74 207 6 14 142 221 182 16 209 80 14 254 101 143 76 29 21 145 210 4 201 212 211 189 249 114 234 175 16 129 122 115 49 231 185 8 38 81 4 84 155 53 63 41 51 72 164 170 177 181 86 108 7 16 113 1 252 172 173 184 82 34 17 178 78 27 115 155 133 143 12 111 79 251 62 221 170 230 46 58 73 179 214 51 188 239 150 19 50 254 159 0 49 34 211 45 92 108 128 106 208 170 236 179 238 41 4 200 148 27 50 225 173 109 123 140 96 245 192 165 110 236 11 173 54 117 124 114 37 220 11 251 15 176 44
104 205 246 84 16 151 188 222 92 13 90 207 163 143 85 166 86 132 130 109 91 32 50 222 219 39 177 194 120 175 3 23 45 239 159 67 148 92 40 218 91 75 46 247 252 73 197 205 36 60 71 183 44 178 90 9 144 54 204 242 176 198 36 32 241 208 173 130 188 244 195 206 221 70 228 148 124 120 160 24 120 132 54 3 64 176 10 58 91 171 118 247 154 178 115 213 66 167 160 83 154 144 178 90 56 187 43 95 216 159 230 224 108 199 248 209 184 164 20 38 151 43 191 88 65 41 245 27 106 199 193 186 206 244 45 146 94 110 183 134 242 124 241 182 41 145 165 214 164 149
190 206 129 112 115 14 125 149 8 121 130 162 97 142 126 86 230 142 196 148 116 109 158 31 125 104 217 156 133 86 73 94 47 46 76 93 115 198 13 31 22 1 184 177 173 243 146 188 99 5 119 60 195 84 95 251 36 213 200 208 172 3 192 138 212 119 153 241 231 167 232 188 166 253 17 25 88 16 163 88 131 137 89 6 196 44 50 55 93 21 36 169 1 8 155 129 166 197 73 217 138 35 36 166 241 68 63 222 228 51 230 102 195 223 29 174 83 16 13 143 250 114 230 100 51 208 219 27 88 74 165 168 188 144 152 248 65 97 212 40 174 212 25 29 55 41 42 188 74 202
9 85 135 57 251 1 223 14 145 64 37 116 252 207 92 62 99 204 137 21 9 236 195 18 0 141 129 17 148 55 75 8 33 160 128 60 202 52 199 17 176 49 161 4 3 183 248 180 168 147 188 27 99 176 175 45 216 163 162 237 168 107 150 223 135 2 162 142 136 142 135 249 246 154 43 89 148 40 201 130 4 124 34 254 99 186 248 21 33 252 150 228 185 6 104 86 9 50 124 219 139 34 11 151 215 190 0 132 10 145 219 77 148 115 108 116 248 192 230 78 143 94 50 183 70 83 212 83 115 244 49 129 66 182 58 92 150 178 143 75 109 232 147 175 146 217 36 225 103 204
34 175 209 91 134 223 140 189 222 22 98 181 51 105 171 146 250 64 239 221 19 238 161 193 157 137 113 61 241 239 216 193 51 93 97 211 18 33 176 68 158 83 90 164 25 37 86 78 241 134 92 191 138 186 26 182 216 11 150 167 166 89 196 126 109 87 33 30 100 37 29 84 206 245 101 104 252 251 85 81 182 218 121 167 241 115 83 123 159 189 76 141 215 186 248 219 168 2 182 5 190 19 21 211 56 189 28 47 185 21 14 105 239 94 114 248 220 99 128 16 32 225 195 156 112 155 121 46 86 129 88 136 80 25 117 37 159 90 105 17 170 140 60 226 161 232 201 251 248 241
63 164 30 139 104 239 11 239 231 72 135 39 101 82 165 33 212 59 37 66 151 123 89 54 181 112 141 232 147 172 53 6 198 183 222 140 79 249 54 217 74 70 166 56 62 82 3 131 183 238 171 213 106 117 98 33 51 5 112 250 256 21 116 241 82 105 208 48 249 66 132 57 222 136 30 166 113 74 106 210 60 85 117 135 141 35 141 175 149 251 67 231 96 147 29 106 202 103 129 76 256 248 9 99 60 247 78 79 82 201 75 231 245 242 251 6 20 12 186 84 169 118 215 163 42 113 159 222 49 173 54 159 180 46 132 182 118 47 4 103 70 177 70 1 30 48 248 141 80 149
138 1 9 108 210 241 218 14 206 8 243 190 29 30 129 120 20 99 199 149 113 166 20 35 111 188 27 198 152 64 97 192 24 69 145 196 54 73 113 169 117 92 186 160 110 192 151 15 185 90 109 130 63 126 88 122 169 120 2 163 165 35 73 218 237 41 155 118 97 69 49 249 230 149 202 201 57 182 245 109 168 77 6 254 35 210 215 163 146 149 92 85 34 194 159 223 40 100 145 34 211 239 88 72 226 83 122 106 128 25 95 116 133 175 147 223 238 143 82 11 225 21 87 37 139 26 12 83 59 114 146 71 156 1 153 45 73 163 214 231 82 126 23 124 241 199 155 153 48 146
103 236 139 104 192 208 81 136 53 252 192 162 195 204 42 30 100 20 95 63 235 149 37 167 60 183 143 95 39 141 245 139 43 103 98 50 204 120 218 100 4 56 136 198 142 36 220 18 223 107 15 182 232 223 74 69 211 146 169 184 6 212 165 16 131 171 120 138 241 6 69 67 28 121 225 133 86 130 18 15 32 174 108 111 35 245 160 224 117 175 83 159 59 204 105 33 10 192 157 82 37 213 86 93 79 244 243 181 240 146 201 0 247 237 30 64 238 12 107 125 141 75 94 92 209 216 229 230 226 220 224 214 37 80 148 146 190 113 122 74 61 106 76 249 227 197 228 186 214 96
77 76 50 128 240 130 59 127 234 188 209 121 217 154 47 74 124 186 158 33 61 150 157 211 191 207 0 225 37 46 242 253 162 36 113 255 102 216 154 32 29 22 205 42 15 92 217 15 204 201 225 126 221 103 226 221 5 136 197 30 241 183 122 163 18 246 158 236 225 88 190 116 9 140 132 93 42 237 220 192 174 255 50 63 70 227 138 94 209 180 11 188 138 73 137 213 177 119 107 156 63 162 78 132 165 169 20 171 72 172 27 116 220 229 137 53 57 151 30 26 56 203 21 167 138 108 92 220 14 47 121 78 197 41 96 212 5 80 139 89 124 141 85 13 177 55 197 197 120 176
57 236 143 64 188 140 175 216 239 197 220 1 113 14 11 87 30 140 59 149 102 79 196 59 112 17 97 103 91 140 219 76 231 192 125 177 209 160 188 19 140 230 0 251 66 134 101 190 59 34 23 46 184 208 205 203 215 237 220 127 55 225 131 19 22 182 68 194 94 52 184 147 250 253 232 4 16 189 111 36 254 32 191 35 195 208 177 245 77 182 189 180 170 103 28 44 88 212 51 110 194 175 168 199 65 0 46 212 245 215 68 16 189 106 254 25 191 191 12 136 67 12 46 8 64 168 165 43 141 118 35 12 152 120 38 116 13 42 193 185 240 12 112 129 79 112 178 139 65 254
251 45 81 40 129 190 109 83 71 154 134 36 86 9 229 86 94 190 47 194 75 198 248 94 191 226 256 195 196 74 136 221 25 101 240 12 246 157 230 199 171 0 145 91 57 225 25 177 131 223 171 146 153 53 253 158 34 45 148 80 164 86 54 71 10 181 187 106 185 178 92 178 149 202 109 42 68 167 71 178 104 214 76 142 250 79 160 93 60 169 90 175 118 203 165 51 0 143 119 254 252 78 56 41 156 139 189 219 128 70 185 97 26 86 190 136 23 136 90 198 139 105 223 10 194 202 183 79 177 141 75 115 52 230 56 79 180 133 230 225 142 98 89 223 218 133 209 154 119 163
245 127 60 183 73 122 68 37 186 192 7 13 33 135 17 248 189 12 84 147 28 8 39 101 132 104 20 138 149 200 124 42 76 41 210 214 220 43 139 127 228 158 225 227 37 213 84 231 116 169 237 123 71 229 100 25 202 43 34 160 173 192 132 70 249 32 94 20 49 255 168 161 103 85 60 120 143 144 171 151 127 88 176 115 167 74 123 45 10 211 140 67 67 208 31 220 157 115 191 47 135 28 144 224 197 255 212 53 64 6 177 230 191 8 206 118 133 239 20 225 88 154 61 36 116 111 73 76 248 119 29 48 185 143 182 35 73 168 10 206 159 197 211 146 84 104 43 243 144 199
6 226 70 233 168 142 49 72 3 116 98 228 36 100 6 114 56 119 202 48 80 243 72 222 110 57 157 180 67 88 151 184 98 246 27 167 123 209 215 247 180 205 35 29 48 176 215 184 197 186 119 131 220 35 233 3 106 132 171 65 200 189 132 24 252 108 115 116 17 101 112 208 231 87 47 80 189 188 67 134 37 113 84 165 37 227 79 9 58 177 210 247 119 110 228 191 96 191 200 2 154 177 207 145 109 218 45 23 92 153 113 3 82 229 151 43 242 98 109 62 189 114 196 85 233 182 129 148 216 120 109 85 223 9 100 82 106 18 197 108 111 222 152 235 116 212 11 89 105 81
238 33 189 168 78 246 231 191 201 60 73 33 178 47 168 95 155 240 225 211 207 149 49 75 70 234 117 84 186 22 48 1 243 231 110 43 239 92 77 89 157 96 164 8 167 35 143 82 130 84 12 159 122 148 244 27 251 45 126 145 115 143 224 234 21 140 196 88 127 28 234 32 155 12 93 14 85 61 169 240 106 253 235 31 70 221 29 50 252 83 150 232 174 121 173 256 178 96 0 61 29 177 168 140 120 17 7 254 140 65 142 46 32 76 74 69 46 85 144 129 173 213 93 200 112 90 183 173 243 33 222 183 11 168 135 230 199 69 79 191 103 124 187 100 29 165 41 31 211 64
104 29 178 255 152 150 94 116 1 150 240 105 165 186 2 82 183 141 156 101 58 149 118 42 80 233 86 59 178 49 131 212 6 1 154 169 47 141 120 109 240 116 75 140 24 194 234 199 25 146 150 88 100 23 41 121 189 203 15 109 168 196 191 245 221 237 104 89 202 137 188 38 96 142 1 204 140 23 200 220 209 109 37 174 219 227 166 150 217 188 255 117 3 240 83 0 251 138 77 73 124 167 27 22 163 82 180 242 170 122 234 159 193 154 133 31 40 37 92 243 129 112 178 143 213 83 0 229 211 14 46 21 230 97 152 177 67 182 10 203 81 244 49 148 231 166 99 121 247 60
67 13 18 226 73 152 244 232 240 204 92 232 10 137 27 95 77 79 44 230 104 76 15 134 34 203 141 236 142 96 149 161 219 50 86 207 94 34 234 169 156 180 52 7 97 33 53 54 38 47 12 69 127 207 31 88 225 29 237 119 106 199 175 3 179 251 66 49 58 151 242 161 104 127 95 3 208 214 36 127 208 105 22 16 113 218 34 156 86 236 131 206 61 99 132 225 33 79 70 41 139 119 35 38 29 168 26 194 3 232 128 78 176 24 148 120 28 162 5 162 96 181 196 160 245 41 64 98 43 219 244 83 218 112 129 101 239 185 35 64 254 202 176 199 184 153 126 177 43 205
164 218 47 81 157 64 189 134 241 203 217 191 214 216 180 153 153 90 195 156 147 73 175 97 7 125 110 22 44 148 181 103 51 31 251 208 103 156 34 159 90 223 138 32 221 226 221 227 220 64 68 18 207 99 170 224 72 193 189 209 41 155 121 103 53 52 254 76 112 202 46 122 88 15 230 160 199 51 183 93 100 66 90 178 120 122 50 200 67 22 248 59 173 95 237 30 16 90 81 121 207 38 187 110 242 243 50 155 236 12 156 239 42 163 19 214 5 197 123 100 97 117 193 42 181 222 65 109 114 248 247 119 98 36 242 7 115 210 37 96 255 48 31 24 97 45 130 167 94 142
173 175 86 247 248 146 121 202 60 249 221 154 189 187 35 138 214 254 9 113 137 151 42 132 111 241 88 179 2 116 227 190 104 120 122 170 63 49 33 5 46 181 63 67 66 208 149 92 54 235 96 128 31 104 200 38 33 89 230 196 117 39 176 101 180 116 65 215 248 181 120 61 116 17 27 193 84 225 140 176 183 117 52 183 18 249 125 172 220 219 235 88 38 137 108 56 109 120 106 35 150 189 184 52 23 189 206 82 93 27 159 250 129 212 62 63 160 238 190 37 209 137 151 15 137 237 13 149 88 153 224 218 156 212 86 120 127 117 117 239 68 251 185 187 254 200 155 80 204 72
103 63 29 121 231 184 245 90 10 227 128 49 227 39 154 99 136 24 161 141 133 146 165 168 215 226 174 201 218 24 81 42 10 18 164 136 32 163 254 14 76 157 48 67 34 179 176 131 148 249 158 79 24 64 105 134 223 159 0 188 22 209 157 82 211 109 192 13 237 119 152 170 200 53 68 154 148 66 247 53 108 16 10 142 145 188 181 204 12 172 108 163 232 204 99 66 67 140 171 28 91 45 222 232 37 193 217 37 201 10 87 153 197 132 188 217 8 143 253 39 94 23 164 201 209 158 229 228 83 248 49 107 56 24 96 151 245 65 185 84 148 244 249 124 75 187 143 20 166 213
34 211 133 11 121 233 115 73 142 9 233 115 228 88 163 231 212 219 75 71 158 253 253 157 158 254 102 185 254 134 181 28 134 18 152 249 23 148 82 176 155 209 228 71 103 247 218 131 159 71 74 77 79 91 119 196 144 76 147 133 23 203 72 71 163 207 229 56 245 239 205 118 122 94 17 82 198 133 204 56 85 232 38 74 153 211 112 150 36 7 197 176 229 140 12 70 157 0 85 97 36 140 92 245 214 198 44 7 12 147 244 91 204 185 122 152 63 73 45 65 236 56 211 11 248 164 83 224 43 108 174 188 136 133 128 121 91 65 23 130 0 155 198 188 72 35 2 164 81 20
102 77 62 167 48 226 10 215 206 79 186 185 103 156 238 180 1 6 23 165 19 123 127 138 65 50 229 170 256 16 150 169 91 57 97 1 131 248 209 256 158 150 128 46 205 79 228 138 41 140 82 166 98 5 36 23 160 154 21 208 106 136 183 75 118 238 127 64 79 91 2 72 222 18 86 196 130 80 14 40 51 220 173 156 92 67 202 195 164 25 183 226 198 85 94 127 234 58 106 10 90 125 95 33 130 63 221 214 148 207 22 249 101 94 49 33 229 81 128 136 33 229 76 63 197 249 35 248 90 169 197 208 30 122 224 98 126 119 74 95 202 65 240 228 207 29 92 36 131 158
234 100 182 227 107 181 67 59 123 70 8 73 35 87 54 148 193 167 44 81 86 140 67 154 144 252 72 8 58 228 233 151 132 96 122 173 94 140 122 239 72 84 143 168 211 71 61 131 161 78 97 48 86 179 185 104 120 207 53 146 29 24 204 101 143 33 18 223 247 162 135 244 185 27 68 129 30 4 77 227 135 100 213 211 208 40 68 88 216 137 1 186 28 29 74 152 244 22 144 8 166 19 46 85 120 117 155 104 167 176 65 19 186 3 52 43 37 9 158 3 134 188 176 125 235 1 55 39 33 230 102 87 161 62 190 205 54 164 138 127 61 22 74 131 63 19 207 181 173 33
114 244 172 160 38 112 250 143 97 30 19 218 192 129 133 247 226 170 10 82 176 6 218 212 198 181 62 160 64 37 9 226 111 83 155 231 172 4 152 33 192 78 222 190 138 181 193 214 49 197 201 111 161 146 202 101 115 251 256 5 166 213 60 68 242 189 46 52 115 52 150 83 26 214 36 132 174 218 184 66 126 168 178 154 227 106 100 178 157 245 32 72 167 136 246 87 38 184 40 249 32 82 235 222 63 122 25 20 196 52 239 166 219 101 133 187 90 249 227 190 168 80 192 204 93 108 38 65 103 27 173 57 123 193 61 76 215 157 187 100 132 58 231 205 176 188 157 205 255 60
23 67 129 165 187 142 133 174 186 184 110 252 194 140 181 172 231 199 152 37 147 179 198 166 84 20 150 16 118 203 248 152 125 64 11 207 142 131 253 53 64 194 1 69 64 11 53 83 187 223 83 194 13 5 210 101 58 31 225 178 23 221 150 92 198 15 123 35 144 220 148 135 84 170 250 172 46 4 172 109 84 110 239 21 140 221 225 256 239 135 122 153 236 193 11 213 175 185 103 46 241 112 93 59 155 233 166 102 205 196 98 40 66 157 142 180 209 163 171 70 160 160 57 226 33 189 91 8 138 251 11 26 22 15 232 155 164 123 38 53 76 198 206 195 242 43 101 184 71 180
120 44 26 68 45 5 165 4 36 49 238 208 244 31 111 73 188 162 100 226 7 65 73 76 36 191 55 256 214 162 190 229 147 105 71 91 218 33 108 98 74 117 109 188 26 64 11 70 75 167 18 101 62 43 244 121 148 116 42 222 59 93 210 228 130 48 248 152 105 42 101 140 165 77 3 111 30 22 2 81 119 13 78 130 199 166 228 220 124 113 183 178 215 1 95 177 124 59 66 75 232 183 192 196 135 153 175 96 238 159 195 35 153 177 108 209 256 133 203 9 29 206 64 60 120 100 199 97 158 72 103 78 122 75 143 20 99 254 38 123 178 87 210 202 96 82 35 224 196 231
202 237 204 254 51 248 237 3 33 90 248 185 235 153 38 239 220 98 222 193 207 206 143 89 128 203 41 202 199 72 135 94 240 131 102 63 46 99 155 172 47 104 244 92 200 188 165 109 201 42 26 145 182 144 232 45 94 9 168 234 192 28 133 69 223 10 198 48 223 200 75 236 99 195 119 237 65 24 72 23 100 142 245 2 206 10 234 180 96 0 15 228 99 78 126 1 227 203 173 159 185 49 128 241 33 165 178 173 212 45 125 28 210 74 97 78 42 135 183 149 168 93 43 211 124 127 97 82 117 118 219 6 80 53 187 174 173 248 213 9 44 135 216 147 98 10 129 57 136 27
50 248 84 71 118 155 65 2 175 97 28 240 115 56 75 248 92 222 200 163 86 77 45 199 173 60 44 43 21 27 58 247 97 143 17 87 163 39 220 188 90 40 226 168 81 30 158 159 201 177 164 210 103 134 8 154 248 162 236 191 86 118 224 31 118 58 57 104 128 151 158 73 39 127 15 59 123 158 161 58 46 130 32 53 228 101 96 113 160 222 163 150 49 199 197 206 5 107 247 152 70 85 74 2 248 175 18 59 104 125 3 218 45 112 242 46 173 234 168 194 67 235 122 212 172 47 45 121 37 249 53 187 15 160 34 256 249 92 195 54 114 242 190 75 240 21 64 20 43 16
138 182 189 111 123 100 83 24 206 119 110 196 158 174 92 223 136 152 50 144 33 93 1 88 84 63 156 239 210 53 84 47 95 141 171 192 35 59 125 70 22 185 143 117 58 138 146 36 80 185 157 129 55 176 216 32 80 194 50 186 147 189 56 73 203 253 175 14 178 256 153 180 23 176 137 42 60 14 9 15 82 161 182 224 19 220 206 159 94 208 207 62 162 134 113 74 78 191 248 22 5 19 190 133 96 170 247 224 164 234 183 182 180 47 241 91 239 212 111 150 189 156 156 235 118 77 84 232 187 93 190 87 16 62 142 52 19 86 191 188 226 109 213 228 188 236 119 35 191 238
60 1 180 119 196 198 137 123 87 169 245 87 130 161 33 209 72 191 77 164 173 60 192 87 163 214 78 232 123 231 252 216 53 1 226 133 107 37 195 55 163 61 64 241 0 62 99 45 10 88 18 84 83 8 167 226 28 219 131 78 227 246 19 126 202 124 189 37 139 24 39 74 116 189 104 16 178 192 135 70 202 103 237 51 179 19 4 166 101 82 97 46 234 109 40 7 48 14 213 111 87 16 36 140 3 163 4 12 18 160 185 30 71 159 12 187 81 176 80 78 234 58 10 118 202 212 71 212 256 119 64 228 120 72 23 50 192 102 120 145 100 47 156 133 23 16 97 187 47 130
253 241 162 104 175 197 237 90 92 82 136 173 237 97 184 236 200 218 89 117 133 175 175 60 50 252 226 200 144 87 229 85 175 18 9 190 25 77 137 57 149 89 118 16 208 60 193 216 187 109 97 110 168 6 98 162 9 52 102 59 148 96 215 25 65 72 23 147 3 150 209 111 216 248 184 138 125 73 153 235 154 101 76 99 46 235 242 220 173 199 26 160 168 131 177 97 210 65 163 177 246 202 136 141 185 234 220 127 81 225 0 66 135 177 74 197 251 60 77 114 74 216 70 29 95 254 145 99 195 106 55 183 244 162 0 79 229 147 110 36 35 179 125 132 256 15 216 36 191 184
144 118 21 37 160 12 230 208 251 60 124 132 166 192 162 223 224 137 153 71 105 150 99 96 113 160 216 242 219 101 74 165 186 13 201 33 207 15 229 114 17 12 200 73 134 228 251 58 98 205 196 138 44 221 13 224 10 48 127 186 93 182 73 113 107 167 188 231 217 107 151 51 169 178 51 84 106 170 26 251 254 162 38 117 13 172 191 240 98 203 217 39 118 241 239 74 76 110 163 202 76 156 118 63 68 57 204 4 167 193 247 107 9 31 68 244 91 6 103 16 254 56 78 157 122 120 205 234 157 49 148 152 15 195 137 218 48 100 110 217 115 125 184 16 15 238 249 4 94 63
0 36 151 19 224 90 11 95 145 56 59 127 104 219 59 26 7 45 116 48 220 200 192 137 84 16 135 128 38 157 202 6 91 122 56 181 225 43 237 181 74 204 134 182 129 97 156 41 102 149 131 189 254 48 145 133 32 139 154 85 77 73 213 43 191 112 138 225 58 34 236 55 238 10 107 69 191 5 195 151 239 116 28 248 234 155 40 16 217 207 248 220 166 16 72 187 52 10 68 229 135 250 143 96 191 179 76 140 20 33 95 28 65 223 180 134 59 82 45 21 144 210 131 226 86 110 47 232 25 241 67 137 103 37 129 180 149 106 137 53 79 215 68 112 212 143 37 67 4 53
122 137 68 105 244 116 180 94 205 0 1 170 222 88 45 179 217 14 122 211 56 163 90 62 174 102 97 104 117 59 179 12 5 134 243 236 238 140 14 39 191 167 225 18 124 178 192 237 170 187 35 215 8 140 214 209 93 46 73 176 215 157 185 224 55 200 31 202 243 86 120 38 175 119 198 47 163 82 157 19 9 16 20 220 164 222 41 0 16 107 120 219 102 11 166 234 26 166 233 105 129 196 103 51 154 251 139 122 150 214 7 25 163 208 148 224 229 38 106 106 23 191 84 83 201 224 15 29 91 164 64 124 180 224 189 54 182 89 8 219 115 247 81 161 247 89 235 38 203 57
148 135 58 86 34 116 190 227 211 58 130 166 173 47 126 160 225 184 95 163 224 178 26 11 224 26 3 91 40 127 195 187 215 105 57 65 139 93 231 2 249 43 83 132 126 177 256 25 235 6 253 152 71 107 129 2 221 151 245 144 246 249 117 145 229 89 84 247 149 155 91 85 63 239 248 65 7 146 53 178 215 70 154 216 63 43 96 242 45 143 22 70 137 170 111 91 222 153 27 216 235 20 208 239 78 75 95 212 185 96 250 207 68 30 38 137 15 193 25 48 78 103 28 140 251 134 210 91 232 25 249 89 0 183 14 71 127 105 113 31 10 88 0 56 182 104 108 69 22 2
115 45 34 145 152 208 102 39 78 123 228 32 250 73 164 183 38 180 252 142 117 150 184 151 224 77 192 144 58 228 250 239 60 150 85 47 226 146 94 236 249 97 146 252 246 15 150 75 21 146 89 106 212 226 62 206 36 120 145 223 117 197 16 215 226 127 133 96 211 93 110 68 43 15 175 93 41 246 236 238 108 217 85 182 136 119 119 55 139 250 152 171 197 113 150 138 170 112 43 114 3 123 149 56 234 72 204 32 130 128 240 182 75 178 232 240 29 70 217 36 25 223 216 133 245 16 41 242 221 224 30 131 192 125 220 133 10 137 211 178 91 132 177 73 92 74 125 106 188 132
62 99 116 229 141 56 88 25 209 86 94 253 38 239 112 179 22 202 62 247 112 252 128 203 61 12 119 209 187 36 226 79 206 188 168 219 246 98 16 235 13 61 155 6 198 150 147 212 99 154 233 117 145 29 187 135 69 95 217 204 78 88 97 192 239 33 139 256 146 230 3 92 240 7 210 109 46 109 107 55 8 145 106 96 157 120 34 156 194 243 250 203 167 236 124 90 51 186 148 163 73 182 29 22 49 195 16 245 59 108 189 242 25 189 70 182 3 139 154 86 105 113 251 51 179 171 137 19 138 237 165 52 247 25 59 144 121 202 205 238 102 221 149 57 99 248 5 38 78 179
79 201 182 235 149 82 228 164 165 255 7 103 46 118 86 212 242 13 70 94 62 149 169 241 115 205 237 68 16 71 4 39 156 22 72 27 12 249 88 231 225 128 202 129 218 3 41 38 172 154 113 58 119 27 94 230 170 219 172 36 168 204 35 158 4 207 180 42 116 60 12 237 93 6 9 224 237 236 50 98 111 62 203 92 98 18 93 232 73 50 64 129 213 46 95 125 57 98 129 39 160 244 24 170 54 95 175 78 193 253 252 172 233 118 53 77 58 68 118 208 168 21 226 197 235 139 98 5 4 114 210 236 95 253 60 104 148 143 137 28 112 91 68 63 1 126 240 159 254 2
65 229 78 149 153 191 91 141 234 21 156 122 91 68 120 137 114 157 68 66 59 2 34 88 169 245 141 83 191 48 200 47 47 214 240 68 3 174 223 158 147 101 245 131 25 21 207 92 179 142 60 214 20 221 203 21 65 194 96 15 149 63 53 174 212 56 231 29 74 205 228 154 5 119 108 201 14 196 65 73 203 31 110 115 243 138 190 158 160 106 214 234 7 75 124 129 50 95 85 93 256 34 75 66 74 203 109 249 103 27 178 130 173 217 242 210 72 210 199 34 67 230 202 208 78 235 89 13 8 61 18 53 242 113 240 124 237 7 19 140 8 10 233 201 119 235 14 13 204 70
245 56 91 125 117 9 23 198 19 235 172 216 206 47 255 166 110 70 18 121 229 29 91 121 102 186 145 54 75 38 223 250 32 143 142 95 58 11 154 213 147 113 134 107 207 20 88 93 212 52 16 53 28 73 132 41 184 196 4 52 1 3 3 177 166 20 91 177 238 11 92 28 238 195 210 79 245 116 203 40 169 245 227 120 176 195 13 150 210 239 2 169 131 85 197 133 32 135 173 123 157 205 118 239 127 132 139 181 252 158 75 189 62 55 21 231 65 170 209 253 136 89 9 139 156 164 49 83 10 227 232 102 152 210 170 44 255 113 132 53 33 98 11 10 32 169 119 194 85 126
253 10 178 63 238 152 63 23 25 218 67 223 166 184 106 76 170 37 190 211 115 74 163 78 10 78 71 188 161 121 194 236 69 49 116 172 42 224 133 155 65 17 25 11 26 193 205 96 73 253 213 104 130 71 246 107 161 70 58 73 105 60 101 114 237 157 44 242 153 109 200 65 58 153 98 28 69 124 124 212 19 120 8 252 2 37 230 154 72 147 194 197 27 93 132 168 117 75 178 229 201 48 41 151 234 189 117 74 77 221 133 79 173 117 232 106 213 209 177 244 20 195 28 181 27 43 157 118 151 112 15 10 183 93 213 81 189 136 239 6 184 29 129 194 10 53 163 100 251 58
162 140 134 141 99 174 167 34 78 106 224 8 2 52 120 225 246 30 215 18 197 198 91 155 238 3 164 132 197 141 201 185 86 173 90 129 224 7 66 160 176 18 145 28 67 223 156 149 28 190 86 109 235 15 139 65 207 118 175 217 214 196 158 212 54 130 39 212 38 69 199 80 8 200 144 19 126 79 244 61 133 133 87 35 156 53 210 192 38 63 236 116 126 101 167 35 209 174 122 197 182 239 134 203 4 96 196 182 228 24 192 90 85 124 181 18 113 226 204 211 192 148 113 35 129 251 18 84 83 37 164 115 183 150 231 248 29 21 128 19 224 4 122 102 37 105 144 87 184 23
112 38 211 41 113 200 156 101 96 204 245 47 204 22 67 57 17 148 137 164 79 58 166 161 227 215 136 134 2 175 203 216 149 54 55 168 183 214 135 184 243 166 75 36 100 199 164 53 77 103 225 192 7 19 88 75 134 162 4 192 16 44 244 8 56 12 70 111 171 173 83 197 137 74 228 3 106 12 207 140 50 203 21 235 69 115 247 136 171 166 169 220 243 81 29 158 166 164 122 173 28 28 138 13 105 40 58 127 62 236 103 141 116 158 227 184 112 55 207 166 174 127 170 220 74 63 46 100 167 54 62 227 200 11 191 29 63 168 25 197 33 87 199 35 172 111 192 43 14 165
210 115 28 217 129 13 211 111 122 7 37 169 116 128 199 123 90 39 163 99 223 43 179 118 40 8 204 180 38 5 245 191 36 56 164 62 60 6 183 230 241 186 87 2 177 251 171 165 48 173 252 177 137 194 152 237 38 123 88 72 70 137 115 140 28 105 135 96 5 126 78 172 186 27 222 74 114 251 171 208 113 4 212 237 68 84 4 189 28 75 179 43 242 244 88 33 115 70 186 33 99 11 29 122 55 62 108 35 32 44 86 215 73 30 11 254 163 144 244 46 60 170 189 128 181 77 38 15 70 32 40 178 167 190 125 86 121 40 11 55 180 175 95 38 14 167 225 92 159 113
95 162 54 182 117 209 153 172 132 60 127 88 28 178 22 248 170 127 239 174 147 114 4 206 124 199 156 109 128 138 59 100 138 216 166 156 226 43 143 214 15 16 30 111 224 62 46 31 28 6 229 76 219 117 60 26 102 226 85 12 147 160 210 131 159 52 161 131 223 60 91 40 18 72 27 248 93 62 131 179 8 2 88 55 122 214 162 139 157 134 41 132 155 164 220 130 181 80 49 81 179 250 130 24 76 236 220 128 101 249 213 97 213 6 68 126 252 190 239 14 215 179 163 248 121 176 153 206 182 36 140 192 61 110 175 193 90 59 130 32 53 30 246 199 204 173 73 151 66 37
10 226 134 112 120 189 176 125 177 127 150 196 56 208 76 148 232 145 152 0 81 59 132 229 30 36 225 217 243 241 8 231 9 126 151 18 37 105 2 191 153 155 137 150 151 228 31 241 174 256 41 194 42 63 138 175 126 141 93 203 234 147 245 183 176 93 86 76 217 175 125 192 116 191 40 217 232 120 155 221 127 191 152 233 97 241 126 157 180 119 22 206 128 10 96 24 130 101 229 62 66 232 167 130 181 134 220 248 6 43 24 187 193 203 195 6 95 195 197 56 48 190 172 224 107 193 101 16 9 98 62 132 194 101 91 155 0 106 208 140 152 154 91 57 98 117 106 9 96 21
6 192 46 2 193 232 249 21 117 249 103 30 134 51 49 29 39 219 18 28 139 11 176 167 179 219 177 249 159 148 38 50 219 148 94 53 235 215 112 161 134 25 36 78 128 191 220 136 177 210 202 210 27 71 26 252 3 203 130 222 225 205 226 162 200 202 72 107 171 246 11 70 3 161 209 217 228 246 145 239 72 96 255 167 46 184 106 256 51 87 2 166 19 228 66 80 196 120 149 27 56 253 185 231 184 153 177 232 97 208 74 8 145 168 3 205 131 70 118 59 126 79 128 233 64 222 233 26 19 246 29 10 228 76 255 252 41 128 154 200 100 221 41 123 50 13 139 2 84 35
128 242 134 215 7 89 129 203 210 157 124 162 175 80 183 26 158 238 76 132 206 149 85 9 9 251 116 89 186 94 256 148 238 30 94 147 39 84 47 229 38 195 128 214 164 39 136 132 111 77 114 208 185 132 79 250 58 209 148 113 49 151 91 127 232 180 142 10 196 9 247 66 251 114 218 167 46 134 155 204 57 37 189 145 127 207 144 193 77 212 249 46 88 116 198 224 95 243 157 78 70 254 85 136 161 213 5 12 65 194 31 8 93 152 26 120 58 54 134 44 110 247 37 108 167 250 188 25 26 98 86 172 50 188 135 72 65 51 30 135 224 213 206 252 249 80 74 201 115 41
99 206 130 101 40 140 1 202 10 140 221 163 199 221 183 60 252 123 53 147 205 1 15 236 178 99 116 216 185 185 111 115 128 9 207 27 49 139 190 196 8 45 167 21 67 211 216 92 102 9 11 22 226 138 32 130 65 10 237 61 208 122 240 202 31 132 181 186 212 248 51 119 212 153 27 150 164 35 129 140 242 177 132 218 169 12 241 141 242 148 209 163 74 4 72 97 244 202 113 217 249 63 86 182 247 178 140 190 42 108 214 197 174 11 24 199 46 208 159 105 244 108 97 200 7 149 27 27 215 33 213 63 8 119 249 184 208 39 62 38 181 202 33 240 56 74 6 106 192 207
215 162 87 64 216 133 170 252 43 141 70 218 223 129 207 196 236 200 256 5 7 189 28 113 208 182 188 125 8 69 214 195 74 185 116 251 66 221 105 83 84 230 32 42 3 80 146 2 101 221 116 34 155 62 211 65 65 232 67 247 231 128 159 188 36 31 61 243 232 116 150 34 109 44 15 98 17 207 110 104 141 138 88 29 82 37 232 139 165 101 111 240 18 225 15 64 29 253 253 160 245 61 181 51 188 149 156 5 80 61 49 66 52 96 125 2 191 107 27 23 142 93 117 63 232 142 82 16 114 3 189 209 168 212 187 59 140 125 137 133 34 158 159 81 60 39 101 245 211 11
194 119 184 159 164 121 55 181 136 4 230 246 35 36 53 224 236 18 122 209 113 235 55 229 49 95 4 253 190 244 129 194 178 223 62 152 196 6 169 194 48 66 189 158 89 14 104 19 192 192 182 185 124 5 81 10 193 192 215 102 18 79 81 200 240 74 200 232 191 146 102 216 183 110 101 7 110 162 142 84 187 231 189 163 226 80 231 188 116 160 149 69 91 134 39 181 88 14 12 148 11 196 129 174 107 24 240 249 69 64 168 224 82 99 183 169 150 248 50 63 199 54 39 143 17 246 108 54 34 109 24 172 81 55 186 218 151 196 84 219 129 85 0 130 79 184 54 95 172 203
29 120 178 157 75 148 191 180 129 189 94 213 137 200 68 239 82 108 86 106 216 193 119 207 7 7 89 224 99 92 93 221 0 179 161 140 171 222 217 174 252 5 184 74 24 17 80 49 162 24 85 250 182 203 127 96 152 75 9 129 249 220 11 102 16 170 238 83 176 256 156 128 66 219 106 216 76 183 200 8 184 57 194 17 206 68 170 248 173 194 46 61 146 148 242 3 0 69 112 44 205 207 255 34 45 206 165 238 164 97 3 249 21 81 135 221 84 59 21 189 102 249 155 9 217 221 163 173 213 28 72 129 112 249 254 152 56 77 172 81 166 164 99 143 115 121 147 200 129 88
35 254 33 91 246 197 148 184 138 43 194 176 46 87 195 248 237 39 35 236 202 173 226 187 88 134 227 39 65 73 65 210 111 78 199 207 250 192 48 73 136 186 62 23 65 174 148 249 73 186 234 109 160 26 190 93 215 198 15 201 67 44 217 124 248 216 230 81 72 249 22 31 188 71 67 232 115 81 65 73 85 227 220 25 110 130 43 36 112 97 219 91 105 205 115 210 188 68 224 238 186 95 137 151 87 141 96 203 9 224 86 131 236 124 13 229 172 51 81 189 183 205 100 66 13 99 163 142 175 207 53 243 186 95 83 48 97 177 25 6 110 13 153 210 90 6 86 207 248 170
74 6 195 247 108 13 237 209 86 195 221 111 230 163 62 244 118 0 184 240 101 21 215 57 10 11 149 116 40 122 169 51 29 10 192 35 132 12 183 110 202 238 42 225 65 178 144 78 145 111 208 234 184 81 228 126 234 186 150 25 239 34 178 185 104 147 253 56 190 97 125 121 179 145 172 111 84 63 70 188 251 190 81 249 200 153 7 180 156 37 104 29 50 132 166 164 115 95 164 50 32 168 18 140 86 82 74 75 131 134 22 88 58 128 38 107 158 242 224 184 124 143 195 100 83 82 67 214 113 113 165 136 1 95 82 167 240 173 172 19 234 71 243 73 232 126 235 233 124 226
56 166 187 256 205 229 79 138 30 169 107 26 3 46 217 76 42 254 243 185 7 16 84 33 82 59 216 140 178 119 159 214 217 150 51 234 220 90 156 229 19 159 223 161 48 60 27 50 137 54 34 216 197 173 211 169 197 73 120 249 54 246 185 251 49 250 6 189 236 156 215 120 248 37 67 52 160 242 114 45 174 252 172 44 146 152 189 169 99 35 43 44 239 42 40 244 244 45 22 109 103 62 95 81 85 255 242 1 85 127 110 140 126 168 198 193 218 42 61 90 212 33 222 6 106 187 39 41 55 202 239 100 100 227 214 188 63 32 232 69 191 206 20 99 9 238 22 194 30 61
22 94 245 52 227 237 33 234 131 30 134 45 7 95 225 251 251 45 158 237 137 164 74 71 50 5 49 32 91 219 135 54 36 218 7 106 99 148 211 163 123 11 40 143 50 206 45 178 254 18 233 226 173 177 136 70 250 37 43 202 91 201 128 50 160 248 240 189 186 152 102 198 43 164 198 65 70 147 127 135 122 226 37 242 89 198 62 22 228 95 6 172 148 13 56 49 92 71 30 180 71 90 101 71 172 193 178 131 35 255 254 115 210 71 209 34 233 119 55 128 249 45 36 57 53 36 106 216 66 112 216 115 30 0 217 216 1 234 198 217 185 146 88 31 56 30 128 34 43 116
56 250 123 57 40 48 138 9 48 96 33 13 182 111 54 183 255 194 40 21 127 225 118 157 85 55 100 228 59 1 3 150 128 241 125 151 2 170 233 119 20 184 192 169 123 9 57 173 162 227 3 27 153 74 233 105 46 167 193 147 35 67 123 173 170 91 219 90 66 151 38 62 222 29 224 37 122 239 130 224 173 215 91 223 179 133 211 160 144 80 148 172 232 2 231 110 139 160 110 160 128 33 233 130 130 0 3 191 237 227 144 209 229 149 211 25 233 161 240 220 10 63 21 58 115 109 35 43 154 223 184 226 254 45 161 22 15 214 80 232 0 238 206 163 219 87 115 157 30 111
224 162 166 40 236 148 168 75 230 108 119 204 167 62 128 236 55 96 49 61 166 156 146 241 99 132 77 243 138 243 40 139 151 215 187 131 4 7 72 105 251 196 187 5 37 79 0 17 11 112 93 200 31 42 91 64 148 88 113 239 49 23 29 181 139 79 177 244 123 70 76 109 34 121 93 17 23 213 126 162 21 195 211 142 249 193 156 15 74 227 151 167 177 128 221 41 222 129 34 175 138 119 22 197 185 150 120 201 223 227 53 28 16 127 143 37 121 244 220 128 206 127 206 71 209 214 202 215 88 98 121 199 151 57 207 82 198 198 134 157 191 122 256 1 120 96 67 53 248 160
200 227 169 48 255 243 106 87 106 40 151 189 142 98 234 166 241 138 194 60 250 59 52 241 109 53 114 87 78 74 226 162 238 135 4 188 13 138 134 203 164 1 243 61 238 207 5 247 180 194 166 38 101 57 18 84 107 127 190 107 239 27 159 238 256 37 150 170 40 74 38 201 171 161 65 102 165 76 245 82 213 157 207 24 1 27 173 117 50 117 195 4 238 74 30 177 1 88 220 253 164 141 164 236 136 235 250 21 83 154 221 159 22 192 172 114 198 149 215 246 113 117 40 66 209 3 26 100 85 97 171 29 253 206 32 54 238 190 170 109 54 182 47 151 152 79 33 114 53 140
42 110 129 173 26 235 187 152 231 144 145 14 208 167 194 161 170 83 224 19 83 168 18 58 152 109 201 26 192 208 10 191 117 16 243 196 105 118 212 131 49 39 149 97 14 73 199 5 27 24 169 228 83 129 134 72 83 116 122 159 145 151 164 16 55 40 63 51 2 239 154 225 209 160 34 168 184 63 171 113 171 15 47 249 69 140 197 238 72 132 55 92 53 134 239 201 99 215 97 43 8 237 10 171 247 236 202 185 143 69 249 152 21 10 59 215 37 53 10 212 156 104 46 246 38 189 154 72 234 111 201 50 5 203 151 256 219 155 254 178 188 223 2 9 2 53 210 98 56 237
171 108 191 163 180 114 218 196 58 209 240 1 12 249 148 20 220 57 22 18 103 165 67 34 149 46 189 156 177 41 143 216 74 237 198 82 145 1 59 37 181 48 165 112 74 128 237 163 176 93 164 97 151 217 244 5 202 167 131 155 140 77 136 143 204 120 27 43 173 53 129 63 207 221 165 22 206 187 160 191 93 135 141 127 57 22 84 152 107 180 125 249 217 46 36 166 11 170 118 246 49 29 244 241 218 180 60 189 220 33 28 142 17 254 171 134 135 217 188 209 83 120 17 133 219 106 29 36 81 81 232 39 116 219 153 239 168 104 103 8 75 128 161 78 61 91 218 17 120 100
136 147 8 209 228 186 100 242 17 172 250 199 249 131 24 21 62 80 128 244 3 192 134 118 72 60 159 121 252 37 188 115 1 228 53 100 18 100 44 209 241 148 17 2 57 127 150 146 195 16 127 154 209 227 150 90 163 254 235 178 56 50 48 245 222 252 34 99 100 187 15 163 139 225 100 37 181 193 53 229 223 36 188 22 83 132 11 195 88 81 19 26 7 248 234 108 145 179 160 107 152 212 143 161 36 99 34 19 107 143 4 33 37 32 201 172 256 152 211 12 77 11 185 136 206 206 69 38 152 159 114 173 24 30 121 61 53 146 212 10 116 102 131 134 1 152 52 30 146 152
256 220 5 222 222 57 35 149 34 216 254 117 78 175 158 175 201 204 47 103 249 134 164 156 105 225 182 52 2 37 59 100 3 123 234 44 134 85 40 112 222 143 91 118 91 225 255 168 54 210 137 132 209 250 204 213 119 90 104 178 25 112 199 180 157 41 0 173 241 85 80 222 132 232 68 0 7 27 33 203 95 38 66 89 120 209 93 3 27 218 112 154 50 22 59 230 98 51 175 224 111 54 184 111 161 8 99 178 198 172 167 160 23 111 229 127 43 38 189 241 105 211 201 139 9 14 38 217 150 57 70 221 151 51 232 37 166 127 43 149 214 86 1 223 42 185 239 158 178 151
38 40 253 159 234 135 102 118 198 45 229 212 184 236 14 145 192 143 256 80 133 243 14 83 128 46 89 118 16 196 255 86 38 55 63 241 13 156 163 235 167 48 1 78 221 59 94 25 163 15 140 49 194 156 234 75 58 139 17 69 219 143 41 210 130 140 138 244 163 175 163 40 185 158 145 121 185 10 87 171 146 44 10 205 184 189 87 5 244 34 21 157 54 186 235 108 136 162 74 238 62 1 36 31 81 199 76 9 168 103 199 125 70 62 47 150 41 150 5 66 56 227 146 235 247 62 63 30 123 110 109 228 213 68 171 194 34 14 252 48 91 112 244 182 148 122 63 113 47 125
36 98 99 69 175 67 93 132 168 110 207 187 56 32 241 49 162 169 163 51 12 125 52 118 115 156 234 209 156 133 64 71 99 94 104 221 118 197 28 15 64 127 249 95 117 138 246 129 205 184 214 7 124 122 162 42 69 157 41 117 59 81 177 144 248 43 5 0 80 57 32 103 222 215 125 106 185 136 3 141 110 192 62 26 219 198 58 41 30 100 230 38 240 18 227 210 142 12 215 78 32 142 109 196 22 148 94 194 6 187 5 71 168 27 228 138 20 3 223 213 10 66 61 180 222 178 88 160 68 50 22 108 9 166 60 195 2 221 208 73 36 95 7 159 78 214 65 96 91 29
51 111 234 223 14 120 189 147 110 8 220 213 182 64 50 204 255 153 252 71 32 64 61 38 56 124 12 46 118 239 140 20 67 238 153 45 90 179 159 221 169 85 179 256 53 188 53 236 139 69 26 87 51 55 253 206 160 224 129 210 32 193 182 85 253 106 209 152 119 50 109 189 21 35 34 66 76 90 128 19 157 21 135 104 184 4 127 247 146 56 133 182 182 110 40 67 246 20 16 199 114 171 159 240 158 125 248 0 28 118 1 35 211 67 219 115 160 59 51 30 81 38 10 140 69 182 142 173 239 252 59 137 60 54 147 34 251 236 61 233 91 24 234 198 154 97 89 100 192 25
119 248 4 94 70 206 82 60 165 182 111 37 49 45 137 254 247 76 132 161 74 24 122 208 107 136 47 201 151 78 57 34 209 40 130 192 71 171 99 144 208 210 82 125 0 175 142 115 150 48 253 144 5 18 254 245 93 38 40 191 138 123 16 219 103 103 68 214 33 243 144 186 158 161 4 182 90 211 104 160 147 77 43 203 242 137 78 251 136 200 184 78 85 239 70 70 155 154 134 86 199 248 81 35 183 30 198 157 122 198 17 11 95 137 255 201 5 254 70 220 58 30 203 192 55 56 209 36 3 120 29 33 30 28 62 201 40 77 13 250 62 189 212 70 110 218 74 241 188 108
197 47 21 99 229 104 222 14 218 166 129 27 170 250 213 203 145 227 77 131 67 61 43 218 146 193 246 109 213 33 227 102 103 1 179 151 197 100 54 140 202 218 159 244 208 64 138 2 201 194 121 111 23 155 107 43 224 165 50 77 88 171 131 4 149 81 220 167 148 147 36 195 64 36 70 94 9 15 60 76 38 28 62 3 165 121 130 218 248 202 146 71 104 127 250 16 51 132 46 131 33 125 143 241 158 207 123 178 238 163 104 230 50 35 5 207 139 2 150 231 5 189 20 141 111 0 219 75 45 206 106 79 143 127 148 252 65 169 225 180 18 69 55 43 42 24 147 131 98 1
172 89 48 24 71 138 44 87 161 103 89 188 50 52 32 139 43 38 117 134 70 92 130 117 115 107 148 3 98 167 71 33 177 182 59 94 241 196 48 38 148 220 57 24 162 204 150 185 230 140 118 120 219 38 254 188 128 61 47 109 24 4 124 140 112 48 47 225 113 201 115 58 31 65 167 118 235 217 203 115 234 60 131 111 248 201 58 177 217 220 55 47 6 221 161 97 114 241 173 220 164 190 177 143 201 249 77 228 58 26 88 217 178 244 241 117 225 60 204 97 141 97 136 253 143 155 182 185 149 144 234 104 169 60 110 23 94 165 182 98 77 167 236 132 202 94 59 224 116 104
186 204 93 85 186 252 239 57 106 42 112 60 113 252 90 84 225 45 15 141 21 64 150 73 125 167 72 158 198 139 238 215 167 250 80 167 221 150 42 90 184 53 220 192 40 161 44 143 180 239 189 16 129 213 166 105 172 219 104 191 130 78 161 87 230 147 34 77 12 187 167 43 129 69 253 205 45 110 228 111 174 75 152 206 155 107 6 43 19 186 28 45 89 139 254 230 165 39 57 129 164 34 154 2 69 54 235 202 227 22 102 179 210 105 28 102 28 39 17 120 150 167 79 79 75 49 81 65 203 101 173 215 106 204 19 88 150 229 52 210 26 193 39 28 70 211 254 33 223 70
66 197 33 149 218 3 249 47 24 246 178 108 218 250 161 160 112 104 137 30 4 220 79 149 221 99 167 214 219 112 229 192 231 116 158 190 3 169 1 6 16 69 21 1 9 131 150 132 49 213 252 66 78 209 136 216 112 69 213 11 207 34 51 93 56 199 75 84 209 74 154 50 100 107 191 195 117 148 168 223 72 33 130 46 248 188 256 111 80 45 232 31 222 65 50 12 93 236 209 186 238 237 184 168 113 256 256 224 40 28 26 195 178 53 109 180 136 16 144 125 89 20 174 11 91 175 3 222 69 155 51 201 111 3 12 167 154 214 87 149 172 243 112 95 74 237 93 115 45 217
8 56 119 179 32 127 21 81 106 203 122 64 216 234 13 64 40 230 245 235 74 97 132 67 162 84 199 237 143 182 162 61 231 3 7 210 21 63 82 17 70 93 4 125 180 84 10 123 55 109 171 20 251 21 126 171 30 214 185 109 11 126 80 3 32 167 14 103 161 19 101 254 253 153 107 37 115 116 251 95 163 143 130 13 34 147 41 62 200 110 88 161 124 190 215 179 62 64 95 144 84 132 44 68 23 42 88 137 206 196 158 186 44 192 65 187 224 167 27 216 22 54 86 221 130 67 103 211 69 135 64 142 30 44 16 214 37 173 66 113 221 189 170 228 118 102 118 91 217 133
106 38 23 108 190 64 38 156 34 54 182 67 130 252 169 256 207 226 8 9 79 103 230 92 173 208 16 172 190 10 165 106 177 16 194 171 70 78 36 69 169 4 1 16 15 103 172 244 240 83 149 213 34 230 106 109 79 123 200 140 4 249 216 67 220 219 129 53 51 256 223 250 13 226 68 247 74 210 199 66 158 77 97 165 124 254 171 129 56 108 154 56 83 49 120 23 34 232 109 106 74 183 250 134 161 64 101 114 200 37 155 147 158 182 68 174 131 151 101 207 90 207 161 1 54 89 17 98 65 81 180 210 99 174 97 127 190 148 164 110 195 158 214 35 196 63 138 184 60 227
135 39 200 208 6 208 158 64 31 231 84 106 158 224 233 44 195 35 8 186 238 205 54 16 176 115 2 112 220 199 57 135 55 237 182 136 255 151 55 222 98 90 107 208 243 53 23 188 183 103 111 203 51 45 181 203 116 69 87 66 109 17 14 107 116 84 77 254 2 213 125 152 18 15 15 204 14 151 82 84 62 53 245 166 111 253 5 81 218 137 64 245 136 247 231 136 134 28 35 16 151 72 108 194 1 87 226 256 221 75 37 83 79 101 91 19 205 72 176 159 148 189 145 246 244 45 188 88 250 216 250 130 121 63 199 109 19 209 105 17 144 187 96 227 57 222 95 141 181 5
218 195 186 42 89 116 1 220 187 235 127 137 217 85 85 43 133 250 191 87 228 137 239 4 92 209 79 20 221 128 255 186 118 131 256 6 58 15 134 211 214 248 230 176 41 48 204 106 33 159 20 26 149 243 226 117 80 71 62 130 235 170 38 171 74 68 39 159 155 168 86 247 109 39 224 191 145 151 6 27 163 247 153 77 53 167 118 155 35 90 244 77 86 57 18 0 240 11 132 219 213 157 147 57 29 43 37 124 255 53 236 84 143 151 24 200 60 79 210 78 63 131 230 23 63 52 131 52 247 76 234 75 47 238 144 116 237 173 45 72 100 53 234 129 193 255 69 28 58 256
169 210 38 6 105 171 104 145 176 210 120 153 154 84 187 111 148 161 99 256 60 5 68 236 14 81 61 137 33 3 136 57 166 193 219 232 159 51 44 57 117 193 148 208 254 49 101 33 141 213 128 50 15 2 195 89 153 241 177 86 60 167 27 110 59 168 199 70 166 148 227 154 225 55 118 96 29 210 126 120 29 30 169 249 228 37 78 98 51 160 8 11 255 235 85 202 235 129 15 238 212 11 234 80 122 29 57 63 164 192 214 25 245 250 6 42 141 214 45 256 149 187 49 170 67 12 86 161 181 40 202 236 43 148 101 139 242 104 105 177 6 163 194 249 74 6 251 74 142 95
177 73 175 131 214 1 82 136 173 208 217 172 20 137 137 85 50 30 200 120 101 79 60 34 251 145 125 134 37 11 95 89 199 43 37 199 38 207 225 88 5 46 17 141 177 211 17 92 22 218 7 183 127 74 71 76 26 121 77 164 78 245 173 82 39 60 36 49 146 152 83 14 75 4 101 26 29 100 136 227 64 6 168 249 98 202 198 189 160 238 7 31 27 239 13 36 251 194 17 146 56 56 33 83 46 63 117 77 169 207 199 168 124 113 209 162 24 253 75 107 245 4 56 253 205 4 30 67 162 217 252 0 12 224 239 134 133 5 236 239 188 254 112 158 124 48 164 109 59 83
230 77 183 43 115 87 59 161 83 234 220 132 208 95 43 69 35 183 77 114 224 215 189 101 232 95 134 230 209 220 231 5 38 6 92 113 244 123 106 256 252 18 197 156 103 87 138 114 35 200 25 216 61 30 141 255 34 197 19 40 29 21 71 34 36 200 113 225 180 223 29 77 148 142 54 0 56 28 11 66 54 98 237 204 107 193 157 119 90 105 29 53 103 53 236 234 130 109 113 167 234 222 48 116 99 150 119 173 144 39 43 99 165 12 38 90 187 111 52 145 212 1 207 213 4 84 228 143 83 93 71 249 87 163 185 245 1 252 12 39 182 122 135 118 44 250 129 80 56 172
225 208 56 195 189 19 228 152 247 54 96 240 46 196 178 73 104 99 14 202 246 251 112 90 206 8 118 94 27 102 203 100 2 226 57 254 85 78 9 222 246 53 192 164 17 31 191 89 149 24 184 57 0 50 75 40 106 34 148 2 107 135 11 63 173 155 11 16 141 69 183 164 2 26 148 40 34 158 29 96 108 159 246 108 11 8 62 203 136 93 179 3 195 180 230 54 135 94 16 115 156 254 162 190 205 103 246 235 43 256 190 107 85 247 49 201 140 239 188 192 240 164 42 73 85 83 115 83 116 13 112 47 56 248 171 160 142 122 118 10 189 76 230 2 105 234 118 59 2 170
93 8 191 27 42 246 97 235 128 80 95 208 184 62 244 71 157 214 75 65 34 74 10 28 24 151 246 241 254 203 199 19 127 152 247 237 205 19 248 250 183 109 72 49 19 140 101 201 193 210 3 155 176 132 224 231 89 92 136 237 246 205 36 119 170 93 192 2 10 150 223 14 172 130 61 220 137 4 144 62 137 187 177 152 94 225 53 244 188 253 132 223 4 234 166 100 48 133 255 246 106 202 164 29 142 229 9 101 187 196 91 6 108 252 226 83 185 153 111 42 2 39 205 198 149 27 226 44 121 208 220 63 225 18 98 174 208 135 11 98 20 61 44 147 157 197 6 112 66 59
9 29 133 225 236 171 81 72 143 194 127 92 236 224 193 33 110 55 67 145 200 230 39 171 17 50 97 10 37 117 72 165 104 205 60 64 206 205 115 74 108 29 13 236 249 157 29 135 158 228 143 119 221 45 226 198 20 38 92 63 42 87 190 67 169 36 134 86 28 211 44 22 72 119 22 254 235 89 153 45 48 74 83 96 87 88 172 196 110 178 31 35 28 248 68 132 63 165 249 112 11 39 108 0 74 185 180 187 48 76 159 143 248 33 9 101 133 242 211 109 44 218 133 235 242 255 71 113 29 39 15 37 54 140 241 132 81 222 256 69 158 237 36 15 116 136 28 0 15 149
248 13 146 190 194 96 204 121 107 26 146 221 143 113 153 52 187 175 215 26 248 52 24 20 211 78 32 91 245 48 163 83 13 33 220 31 32 23 184 28 223 41 24 75 108 170 1 133 180 114 2 130 29 62 245 244 12 104 81 60 73 15 183 203 110 125 132 69 76 161 136 99 149 249 143 143 120 97 7 68 106 38 107 243 95 142 239 159 158 201 159 150 244 128 60 242 243 6 72 95 40 5 37 130 43 46 166 37 47 80 216 55 96 95 14 113 63 133 162 229 18 61 178 127 63 170 70 122 221 56 108 115 76 238 19 172 136 131 48 17 233 26 111 69 87 11 180 88 133 12
86 175 255 24 168 92 256 43 145 154 42 78 108 248 251 145 87 33 9 66 67 154 131 55 171 78 196 59 77 102 207 47 194 81 97 206 11 54 123 234 151 21 7 37 153 168 66 136 251 153 77 222 123 198 193 50 49 198 134 246 211 195 108 88 188 171 138 113 251 201 214 98 180 46 109 171 164 159 1 57 26 216 227 27 142 189 3 76 126 208 93 138 25 142 72 87 124 112 27 89 210 137 77 149 88 101 30 215 155 230 107 196 6 156 189 6 175 101 211 214 119 136 161 209 97 223 223 138 65 165 208 110 246 46 98 240 123 15 143 142 211 6 22 20 157 117 81 44 60 51
169 227 130 0 225 23 186 234 246 199 120 180 143 91 150 26 248 19 143 167 190 73 2 104 129 94 138 50 159 235 220 9 141 85 92 236 52 256 44 181 180 141 188 1 216 107 111 96 228 184 84 63 90 96 246 174 213 141 178 59 185 191 147 129 114 222 126 57 138 129 143 205 225 84 80 13 127 60 155 158 94 3 66 189 121 121 121 204 189 227 121 135 6 239 76 142 186 99 226 92 236 251 194 197 24 41 110 253 146 204 65 191 94 50 180 88 50 139 83 160 73 133 105 47 201 230 178 6 120 99 70 89 55 114 225 56 224 218 74 20 194 162 115 203 45 150 61 9 43 177
45 99 227 210 218 147 38 26 244 32 123 167 199 184 198 22 38 225 22 182 230 38 239 218 36 79 182 41 109 192 136 108 250 9 17 10 215 97 121 38 138 28 48 133 25 242 59 113 191 78 9 7 84 211 185 225 226 53 18 213 103 154 89 195 88 221 38 199 137 132 177 205 128 152 86 112 78 174 166 86 182 149 157 231 143 120 75 145 83 205 219 93 100 174 139 236 197 122 1 22 175 65 102 253 14 195 247 92 110 138 60 234 76 4 240 244 202 129 93 99 95 8 170 249 87 25 190 69 190 207 180 174 124 237 104 21 117 57 19 28 5 213 163 115 215 20 27 213 139 113
239 24 247 47 8 115 15 79 30 237 34 85 8 76 56 190 196 31 118 152 148 198 15 61 106 25 94 85 202 192 125 75 139 233 57 109 77 1 197 1 36 232 152 106 112 5 54 249 78 2 115 73 68 212 243 211 156 165 19 148 237 102 253 88 102 216 92 234 73 205 48 192 85 111 33 191 129 70 210 129 47 229 182 94 63 30 170 230 76 203 107 192 166 156 145 55 120 209 250 75 254 220 91 242 236 87 31 88 126 81 124 92 127 103 5 24 71 131 79 139 73 255 150 29 22 201 217 69 82 95 214 9 197 33 153 153 11 12 155 20 130 93 17 13 17 198 191 184 132 119
136 93 120 121 51 168 56 209 147 65 89 20 109 141 160 207 165 35 222 85 115 189 112 212 140 243 70 243 230 180 168 183 31 13 75 228 96 180 194 234 180 190 107 98 117 126 189 184 9 240 95 207 137 144 156 190 38 139 117 228 65 85 184 160 80 96 25 37 248 145 221 5 12 201 163 82 256 146 178 65 45 249 195 145 98 8 220 141 181 115 107 161 107 140 41 105 226 68 170 190 146 101 127 231 219 39 8 254 200 91 187 212 215 214 89 244 72 193 239 237 123 59 211 186 82 21 3 90 223 31 43 231 67 81 174 151 130 155 79 40 65 164 174 32 175 213 4 107 92 56
41 165 157 58 52 33 61 126 185 21 77 42 197 22 130 119 212 46 210 123 152 111 58 27 75 129 132 208 112 90 171 221 256 191 157 5 21 153 30 70 156 51 54 223 200 209 113 163 87 217 95 196 108 194 18 212 25 255 245 121 158 250 190 53 88 112 116 255 184 100 214 254 74 175 38 250 176 191 18 69 75 48 225 243 51 35 42 116 157 146 250 136 231 24 238 230 193 255 215 11 75 251 54 236 0 35 74 186 144 204 147 126 210 39 101 117 109 215 68 76 170 116 29 121 114 11 17 61 193 57 32 179 167 10 61 225 247 9 62 145 244 129 192 221 255 180 168 154 99 163
14 162 125 104 173 52 176 67 144 84 82 49 82 95 191 169 6 99 53 70 176 195 209 45 83 142 58 133 133 131 184 212 144 127 226 66 251 231 114 175 70 178 100 134 120 184 32 156 152 131 114 66 145 220 216 138 218 124 85 245 25 98 220 230 70 154 228 18 127 25 221 73 226 185 231 151 58 212 55 191 231 209 147 1 224 224 244 83 126 198 21 50 210 0 86 159 18 80 67 7 127 81 222 147 110 120 246 209 98 218 81 183 247 147 118 172 25 19 219 31 215 42 99 116 206 123 41 43 54 224 177 50 37 19 14 228 76 213 178 14 46 235 239 2 120 159 32 130 120 111