63
16320 20240 22856 44152 68504 68826 79203 88236 119855 118894 143094 164108 158193 208610 182607 176200 217340 179791 208511 195210 213827 271973 221002 284873 311701 303176 342131 328193 382682 402388 459009 501452 482681 507201 508631 424298 379394 434479 418973 413167 386713 323853 322443 323567 304447 295402 271968 273123 271496 299503 319383 323451 323568 247553 233726 199559 182834 180835 176485 168921 124386 76413 13908
45760 48230 77531 125853 175796 177857 217870 223013 254724 272677 346161 295774 363610 422255 378957 400589 439213 459327 472630 502151 571268 558113 641220 683530 732582 796394 757907 787640 794377 849060 977807 998147 960272 972541 884913 884271 821496 823952 814406 780328 734909 743989 692964 663666 666995 637051 610091 469086 477528 488540 517332 465950 446183 377031 321081 319350 230225 253874 285536 304594 241722 179849 71237
70065 73767 126061 204883 268328 282519 356369 352844 384165 488074 484213 494164 604864 610330 599524 672021 704620 733477 786606 841097 837133 914065 1032443 1055434 1145947 1167880 1141397 1194951 1310493 1363473 1522699 1712477 1521768 1517966 1448584 1386128 1271224 1242708 1189203 1222485 1123022 1043016 937944 971238 985705 938851 925661 922794 849105 874849 869539 855277 734802 683491 548991 511068 460574 432659 431739 352558 308173 204921 107168
93123 111556 176257 316481 352401 414986 516014 473598 535720 699775 670388 812918 845945 858620 882148 1035475 1028550 1100758 1142264 1263268 1298538 1396883 1506240 1520938 1645213 1707710 1617101 1713678 1761445 1930677 2085712 2146125 1963991 2019996 1994051 1830810 1784769 1724630 1563397 1734800 1616240 1452173 1453520 1474990 1254030 1163780 1135485 1177753 1100480 1021023 979105 934275 884947 689242 591252 565499 628884 542465 497052 374314 331554 160524 71000
92200 126696 208285 342245 388474 533166 566235 586893 702453 840680 799698 1011385 1038022 1058427 1175374 1383989 1290236 1434298 1432627 1631064 1593301 1774279 1895164 1958985 1928638 2082537 1933438 2180621 2347959 2395897 2490800 2668458 2452200 2384159 2329364 2284787 2339549 2064854 2058792 1948611 1915571 1904272 1874221 1792850 1643671 1508824 1585370 1364206 1306866 1295146 1167101 1105017 1083842 842786 772987 719092 577166 539988 544222 433942 357266 246409 103289
100962 169747 273494 400818 508269 598187 676040 751393 883999 928991 1046222 1204002 1251783 1320595 1539572 1515528 1713730 1634452 1852426 1910655 1966977 2228898 2374724 2392240 2563644 2420696 2479872 2703248 2843949 2768579 3123669 3152269 3166599 3087263 2857455 2890749 2865484 2646089 2597091 2385812 2564512 2472504 2158346 2092749 2026005 1839856 1805278 1702307 1576542 1505765 1338650 1215997 1189613 1056547 916852 849286 736663 622896 486234 407539 321704 267972 136739
117450 234417 344569 499287 651469 733340 852107 964343 1038102 1109369 1334881 1435760 1551341 1692653 1725002 1980552 2155921 1987706 2143914 2276296 2384613 2624498 2794321 2932319 2984763 3047861 3151371 3416486 3440094 3518783 3698815 3884794 3758150 3611468 3420691 3229325 3039325 3051702 2895744 2814177 2883941 2580205 2417029 2330480 2206762 2288199 2067144 1766867 1731883 1634363 1588869 1527308 1309144 1199526 970728 881255 748006 650558 560868 475587 351703 247414 155293
111568 246236 393511 565704 683513 826188 932745 1085508 1086365 1254232 1474869 1567179 1732394 1827866 1884125 2178943 2219139 2325995 2440775 2580535 2763862 3002866 3137972 3363539 3431607 3525361 3638656 3516237 3721501 3799835 3936412 4454249 4144422 4023074 4017652 3594689 3445974 3231564 3273843 3282933 3203751 2955383 2690932 2524391 2353377 2347202 2276273 2094472 1841050 1861271 1642852 1615552 1479881 1318402 1108184 980894 792644 705723 685486 499470 392550 276528 144874
99137 205623 428660 604420 710990 891830 1054007 1138441 1211955 1432084 1586362 1743224 2054941 2132152 2202417 2494287 2462906 2638027 2882607 3045500 3113637 3248359 3469206 3772922 3801243 4139721 4161919 4336217 4334834 4412838 4534373 4785184 4674216 4600532 4391518 4189470 4041624 3985587 3769916 3799313 3524435 3367816 3090219 3036628 2805036 2682850 2564421 2407919 2222942 2200693 2024408 1782776 1860489 1504337 1223140 1130271 1074314 826738 725562 633002 472560 334524 178461
88211 260549 488028 598796 813655 993947 1232915 1317595 1459212 1557119 1866912 2035213 2295593 2335685 2497062 2661217 2892180 3001344 3075064 3508922 3559522 3690427 3842643 4079312 4313747 4438702 4514221 4665558 4638989 4871884 5009164 5434918 5214562 4996849 5014831 4496488 4525649 4213141 4114282 3984339 3839424 3628258 3478031 3350293 3174444 2940203 2904948 2632009 2540792 2220228 2217310 1955425 1633948 1529328 1461495 1323074 1161345 908365 770231 706857 524056 379701 206518
85246 284691 499403 652518 898398 1135650 1275708 1385454 1677107 1650905 1983144 2197031 2493379 2486331 2827854 2969703 3271676 3157540 3619069 3611687 3948291 4073315 4267981 4521189 4674484 4729705 5134685 4994166 5351982 5387629 5717316 5843356 5675892 5569639 5443198 5200848 5031647 4821093 4622278 4527906 4502720 4084684 3799356 3762895 3465178 3190353 3272555 3014030 2732374 2691220 2343546 2242734 2036733 1765461 1535715 1422739 1277434 1113848 911051 796902 627488 469903 219374
126735 303811 553936 790283 1032090 1167924 1350628 1592617 1677939 1954794 2151862 2421670 2568668 2723701 2996948 3135327 3369089 3722913 3998155 4056159 4373752 4602758 4872946 5019433 5176549 5333347 5527719 5515968 5942425 6221670 6295276 6603802 6525410 6390809 5969276 5869042 5481769 5462038 5135915 5194304 4892604 4748629 4482398 4164256 3964301 3891006 3627166 3554078 3162124 3001670 2718066 2385635 2296254 2100759 1726337 1728877 1444174 1184941 1046857 879701 619456 493900 246759
110019 359044 613725 861285 1147445 1315790 1469252 1643855 1828365 2059626 2385590 2655693 2761566 3002489 3249121 3319335 3727506 3941764 4131858 4376355 4857933 4907251 5191116 5448666 5665664 5756237 5922044 6113845 6533099 6561044 7004732 7246432 7117957 7024526 6652007 6090555 6231378 5838510 5691851 5553602 5421726 5129216 4769305 4545955 4199281 4026274 3823787 3948835 3537072 3317262 3181200 2749481 2475598 2269972 1917438 1745876 1661833 1513815 1288580 1134874 825985 573945 283349
137260 385016 599694 900472 1105180 1467362 1580598 1789197 2112830 2298984 2470181 2848043 3090321 3293077 3533035 3588212 3999508 4322007 4611201 4896668 5128370 5430968 5794956 6026977 6080863 6174443 6612152 6679711 7012227 7169969 7477496 7975191 7571225 7467748 7033759 6880886 6561898 6500178 6097310 6050987 5867639 5764236 5168559 5095568 4671046 4529349 4265650 3992422 3743145 3550320 3227855 2874682 2747240 2396875 2137661 1987829 1792754 1642422 1322761 1154094 899377 660626 365307
136547 347359 647181 972055 1207027 1448599 1659058 1924259 2104643 2362754 2682754 2971287 3254576 3672501 3775791 4080427 4263665 4643026 4751850 5129517 5340385 5780634 6032910 6196160 6335231 6757092 6873827 7018034 7440186 7570889 7967036 8241962 8061714 7911857 7495341 7399142 6841123 6684879 6600416 6357179 5938569 5785550 5410691 5250388 5053393 4551856 4530300 4184073 4052881 3703684 3530201 3094627 2827220 2462954 2240166 2107964 1899505 1606297 1420302 1118684 833903 663814 315702
176001 454664 684012 1026026 1278263 1582061 1767018 1978948 2293567 2547678 2891033 3253625 3406132 3685696 3945045 4140248 4461239 4648322 5007552 5128162 5815468 6029654 6306155 6448533 7037946 6764231 7106357 7505185 7941046 7851006 8368441 8662480 8338649 7991640 7875919 7494071 7464068 7117095 6819703 6586814 6639946 6085996 5957279 5492843 5279876 5026418 4800424 4486490 4144111 4040607 3611482 3226375 2881648 2701423 2416916 2040181 1901272 1665313 1363735 1124424 755361 604804 339910
241870 459455 752557 1179202 1314710 1623439 1849427 2065749 2395810 2819575 2949739 3395383 3697922 4000105 4027949 4577972 4842075 5094818 5476641 5748222 6137787 6341376 6687342 7022846 7393504 7371849 7727335 7826252 8410678 8511626 8990644 9234491 8907360 8881932 8707708 8287811 7792687 7665899 7298969 6986062 6770715 6477837 6299032 5867840 5445765 5349881 4981589 4745327 4352279 4193453 3874246 3503861 3144829 2742670 2440002 2285424 1874826 1718121 1476715 1197684 868746 630867 340049
272783 500216 800765 1203573 1549544 1733546 2081321 2294671 2583508 2784682 3199593 3475966 3811520 4187600 4527794 4738500 4977006 5405231 5994867 6131240 6474107 6990305 7284672 7586928 7594190 7985741 8218622 8403335 8764849 9196516 9450032 9600799 9542833 9101264 8825536 8533413 8376170 7827958 7728556 7597353 7028039 6888073 6491201 6280928 5819113 5451300 5346677 4985994 4553821 4266707 3956888 3632156 3276744 2890933 2591504 2461600 1981471 1699146 1417120 1119550 843281 618237 385898
315735 542558 919816 1345070 1540110 1918054 2118783 2337654 2633544 3153644 3380612 3772150 4145294 4417664 4836800 5037340 5315159 5652892 5968262 6582870 6991852 7110764 7773158 7520300 7922412 8392841 8708813 9125779 9212822 9650664 9791228 10209787 9971325 9720714 9268451 9120895 8829686 8268457 8008618 7776630 7660243 6937568 7063699 6442997 6132397 5832150 5472033 5097507 4816958 4473796 4157709 3752121 3262044 3031537 2729518 2512234 2268910 1871896 1563119 1330458 884702 688783 399483
287044 554721 894847 1327104 1632886 2008088 2330479 2665032 2871830 3409811 3651551 3925329 4159274 4847446 5005256 5202708 5676911 5907806 6244314 6629053 7121765 7570089 7865338 8251850 8287272 8705086 9034463 9298296 9887701 10073411 10228073 10850211 10540000 10387114 9938722 9497235 9051219 8653218 8512094 7953734 8046313 7493979 7110486 6764569 6421170 5945067 5848244 5518268 5144169 4767539 4292396 4128399 3686225 3217219 2915621 2700287 2388304 1900752 1551149 1351512 973816 707875 423308
221496 579766 925616 1373158 1573396 2014390 2332848 2663382 2914205 3383904 3768314 4056379 4576306 4851149 5064576 5717271 5828893 6112244 6801468 7137438 7387619 7892021 8097084 8423377 8665230 9314860 9374417 9986405 10018573 10559286 10942583 11059299 11160997 10720339 10559921 10122661 9888695 9376450 8910693 8482188 8407295 7897145 7530305 7106188 6595517 6456113 6021090 5729619 5438351 5301270 4732904 4163884 3747333 3334233 3086676 2906348 2623714 2087393 1758792 1383146 1039871 708774 414829
291712 573468 979862 1362302 1745357 2072243 2562526 2838999 3099756 3624626 4026378 4283838 4869940 5135368 5415715 5865245 6274543 6534185 6876677 7553148 7911770 8386455 8896695 9091865 9438196 9806801 10389070 10339750 10738347 11213190 11706407 11781256 11387160 11263762 10892764 10526444 10137716 9644623 9465227 9010559 8675409 8189163 7953131 7564137 7126775 6868220 6741698 5910741 5614015 5417631 5008920 4461630 3937464 3627201 3093168 2896825 2590383 2157322 1854338 1524362 1154710 796228 424037
329437 658180 1078214 1483534 1849461 2216264 2668099 2925843 3297550 3896902 4279110 4672886 5124981 5378587 5858962 6227443 6394871 7065253 7484541 7772916 8336363 8910520 9062136 9460175 9906422 10383962 10458042 10938696 11387531 11644352 11870077 12144916 12076742 11552211 11693152 10774118 10859875 10364114 9901255 9789472 9387086 8390362 8294945 7897313 7559693 7023024 6739237 6391778 5781974 5457034 5072432 4621659 4080482 3734014 3214349 3018164 2680098 2308686 1821600 1515207 1087915 855923 464726
322593 667054 1090225 1614438 1939836 2405449 2795336 3189575 3528508 4250489 4433583 4866805 5236249 5573189 6135366 6386992 6884872 7505631 7777344 8249707 8663583 9267903 9493052 9975882 10218427 10855761 10732516 11595670 11776305 12154698 12482679 13250004 12644710 12364692 12102900 11420973 11188472 10566001 10575412 10044754 9361512 8999039 8710456 8324765 7749275 7413145 7132784 6766572 6088960 5704058 5286514 4867145 4313206 3769614 3373361 3153945 2826125 2285357 1956215 1667323 1182764 937559 443523
313315 706929 1250055 1717873 2118900 2496833 2989145 3182695 3688464 4207026 4627634 4927817 5643797 5926918 6430395 6850071 7406960 7817526 8078658 8737139 9261522 9730146 10005924 10348843 10923527 11208105 11745743 12219751 12471172 12807855 13506457 13937313 13514197 13101405 12401707 12079972 11650825 11315437 10727446 10325498 10107070 9436676 9071422 8549048 8095647 7726816 7456801 6937345 6550654 6009763 5628634 5204789 4450029 4009987 3558930 3138006 2920577 2521962 2034213 1699034 1312305 896370 468520
333549 746020 1241796 1711938 2124587 2590887 3062530 3371769 4027675 4470592 5036915 5280147 5774068 6139403 6685342 6904662 7459352 7962348 8466087 9015804 9715881 10257382 10594316 10785915 11371376 11809978 12237090 12716325 13203914 13340070 13723941 14324521 14054767 13632817 12909266 12422338 12273199 11945151 11194969 10675053 10565096 9850624 9280557 9137004 8537609 8076077 7556273 7044745 6587695 6391112 5889835 5246186 4696536 4216781 3856041 3415205 3019464 2494020 2181464 1743244 1264875 989487 464411
293762 755202 1281063 1719719 2113203 2670663 3189625 3655767 4127547 4663985 5029262 5692141 6100163 6685181 6747838 7406572 8067642 8492837 8743396 9547757 9769000 10527810 10878408 11294217 11494833 12229853 12440410 13041721 13538748 13873662 14305874 14867413 14302695 13763734 13422433 13124185 12274507 12310390 11601245 11235844 10559789 10307768 9748443 9362393 8632053 8149522 7946269 7149564 6785511 6269036 5929573 5193900 4825663 4297109 3811631 3594540 2912122 2693285 2181307 1685928 1244009 904459 530566
345695 804296 1355849 1780114 2217226 2702776 3268405 3772636 4302656 4734746 5453644 5960488 6495949 6883802 6929881 7729029 8260068 8594380 9205504 9378690 10257787 10859010 11408632 11624739 12316142 12520742 13047728 13321698 14163742 14164910 14795987 15180592 14741319 14431153 13751198 13326863 12726908 12469417 12062142 11304304 11092260 10420382 9829919 9365659 8835854 8536847 8057776 7484650 7047366 6712923 6335687 5600127 5095605 4431240 3830084 3560932 2994617 2548207 2224389 1826456 1299392 997930 512356
381228 875115 1409412 1830554 2429497 2770245 3247255 3703030 4182102 4756279 5274229 5902878 6607629 6878353 7273933 8049096 8449735 8741816 9279185 10053142 10547960 11340290 11639650 12009463 12627897 13032630 13363389 14060457 14302174 14930275 15497620 16004318 15274008 14883980 14684664 13834863 13410249 13233240 12285636 11990527 11544465 10885450 10520213 10025478 9505064 8775859 8469178 7800771 7133763 7112498 6202974 5941173 5392970 4641188 4361225 3837541 3167740 2635548 2289991 1972208 1440018 1046297 492728
390696 880903 1364884 1904362 2395934 2836105 3233663 3821873 4497041 5087860 5604153 6209847 6889379 7159428 7700491 8281944 8719667 9127280 9937384 10296955 11021948 11393975 12009218 12727316 13131135 13858543 13958476 14558926 15296405 15535367 15954281 16564623 16019022 15499903 15361864 14687750 13713785 13490557 13212073 12452414 12138324 11429399 10829248 10595210 9570835 9534445 8995123 8280153 7874533 7150406 6907831 6061904 5642088 4934190 4257021 4026691 3473829 2805788 2446075 1998683 1434271 1057765 542882
354760 822319 1391380 2018373 2477770 3024989 3493464 4056091 4551889 5145567 5490227 6244999 6862816 7375905 7939695 8426141 8783699 9481687 10009487 10729996 11635123 12164954 12674791 13034643 13478463 13794353 14239936 14841528 15369457 15814512 16076330 16892288 16444253 16221970 15331705 14598360 14493590 13926726 13107809 12941686 12079741 11526942 11377483 10717258 10191929 9522516 8913086 8392738 7739567 7667261 7068200 6305744 5657613 4930635 4475604 4075229 3506477 2919587 2477693 2030267 1514535 1046344 546489
383017 893392 1459676 2046618 2626104 3124032 3619126 4243202 4767277 5475965 5834389 6280497 7031846 7683286 8091805 8711300 9140332 9711285 9999982 10819164 11728498 12240566 12961717 13392905 13848403 14775966 14834310 15254309 16090426 16174637 16861189 17384353 17032135 16450106 15788935 15377255 14498664 14350502 13690133 13286201 12771670 12027766 11383129 10929012 10441210 9442256 9345587 8872675 8042430 7716549 7177858 6447231 5641506 5348589 4589056 4268730 3616344 3131770 2557737 2093264 1614979 1082277 566443
388517 842267 1600585 2114326 2607995 3087380 3668218 4252190 4733482 5301468 5674268 6232946 6988378 7257909 7873605 8179860 8923101 9363734 10382264 10824981 11474319 12095084 12694901 12854949 13388735 14259081 14446656 14989220 15200708 15908255 16199987 16929873 16433075 16344051 15490494 14969675 14449842 13738989 13152315 12718585 12149084 11716120 10899667 10579576 10041206 9632440 9176140 8370512 7625177 7629650 6734275 6147350 5573585 4691793 4340230 4018447 3436029 2746668 2373041 2010744 1361501 1070275 459106
373599 859935 1384115 1990121 2515397 2842564 3579900 4197347 4562745 5072018 5692131 6066377 6646757 7219051 7743592 8308500 8614570 9327038 9777405 10382015 10866302 11552569 12062396 12694934 13137965 13714570 14368850 14775390 14881505 15504148 15952958 16334592 16218816 15624618 15087141 14495411 13916463 13533247 12966072 12364631 12185323 11353405 10757708 10327465 9735102 8897968 8684114 8385489 7581090 7150224 6691284 5928643 5418518 4778172 4237230 3780331 3333865 2709516 2213505 1936349 1418744 1028438 467188
376848 805816 1375856 2000261 2382979 2842035 3273407 3858028 4301582 4783059 5445896 5820512 6676016 7031778 7407055 7993579 8504049 8918138 9551168 10237249 10986174 11366299 11922507 12264314 12952820 13029384 13747404 14219443 14861425 14818670 15160079 15937541 15452067 15079672 14690094 13964564 13469049 12993786 12240694 12011893 11372708 11095692 10288120 9934206 9368514 9047189 8527770 7672629 7143131 6761078 6339229 5720984 4893164 4617258 3983614 3507203 3151041 2584705 2135528 1717859 1336672 978820 430491
336050 724290 1258668 1866605 2383540 2748820 3189246 3774705 4138532 4880904 5232964 5720461 6301196 6793407 7285113 7578083 8462299 8622405 9217356 9837280 10663456 10632356 11179275 11657009 12268528 12479826 13386357 13732135 13942597 14789653 14859821 15074501 15147009 14384972 13894047 13518176 13118259 12609050 12152490 11715477 11113687 10532960 10033148 9581795 8992201 8759396 8207985 7522000 7082684 6859729 6140340 5464740 4869523 4266096 3959467 3626218 2996173 2336993 2149516 1597317 1285820 946202 455311
308254 764293 1239045 1896583 2265654 2523493 3111678 3573367 4184223 4650102 5057756 5627929 6003996 6435648 6826584 7625616 7821655 8116272 8889204 9375064 10052977 10395501 10792583 11373968 11975670 12092727 12776276 12944562 13481050 13645050 14509220 14504371 14133635 13662399 13217232 12784692 12497087 12254820 11515429 11078047 10767981 10358046 9748276 9253768 8510110 8166922 7775578 7564796 6710770 6484943 5943799 5516053 4715700 4286548 3784337 3386945 2943467 2432402 2121918 1731536 1207764 906813 417184
321653 676693 1245377 1615214 2115488 2573230 2896346 3447975 4085270 4521752 4787564 5261765 5795979 6339019 6642701 7153686 7752317 7968090 8388355 8997335 9643123 10135888 10560233 10690640 11434071 11787004 12203978 12392470 12824301 13367771 13850854 14438790 13849477 13563427 12904868 12317368 12067254 11640298 11225877 10735137 10069143 9695882 9294409 8781146 8505128 7918787 7481231 7081093 6656957 6126140 5768900 5265769 4537805 4091553 3772757 3438347 2901083 2396864 2008850 1652799 1234360 920584 382404
269600 706342 1141215 1618051 1930340 2313597 2779277 3398890 3640554 4248342 4561884 5059196 5386551 5954485 6304313 6577529 6962418 7732368 8211301 8411699 9135873 9727797 10274311 10445647 10714534 11205470 11611177 11828144 12422144 12676151 13068164 13604578 13426645 12869885 12299373 11824679 11605830 11201514 10878069 10243251 9944317 9321806 8777171 8409284 8062300 7419074 7337039 6614756 6395697 5906854 5537172 5042304 4495415 3919920 3450719 3340345 2801014 2228848 1927132 1518198 1155967 866709 355165
295452 673573 1105349 1551239 1835291 2269959 2756956 3206920 3581185 4027024 4536575 4980677 5376784 5726596 6073375 6499963 6980385 7522316 7940418 8443681 8874152 9532632 9622669 10024417 10203420 10814320 11452266 11442435 12018409 12286062 12854344 13162579 13057988 12410327 12025885 11672429 11169221 10844288 10406390 10056492 9595516 9091470 8843609 8106156 7856767 7385296 7336868 6578895 6204823 6038681 5628605 4739288 4449911 3969683 3414224 3237734 2757298 2174193 1847417 1613341 1169353 921831 392880
344346 745311 1172784 1489239 1895996 2142453 2560906 3042993 3506818 3990649 4394526 4692017 4990439 5493812 5976971 6599424 6806585 6674113 7506121 7724724 8425109 8872143 9271391 9588319 10002852 10355697 10989774 11387825 11527642 11674130 12242266 12606438 12281403 11951320 11227092 10920474 10506450 10329928 10108938 9392889 9229156 8750444 8167192 8048057 7509179 7084319 6821082 6174039 6024837 5512596 5276270 4577780 4035744 3706620 3457631 2985717 2616399 2110527 1843244 1483843 1058966 778935 345392
301424 599680 1044834 1469676 1899777 2083707 2508960 2977982 3254224 3703546 4152373 4532377 4811908 5092604 5669158 6170280 6203354 6614920 7282352 7653100 8096620 8584622 8997708 9080110 9547883 9991088 10255025 10641773 11187848 11401212 11750225 12017593 11665998 11564713 11069234 10690694 10418762 10045580 9476084 9015962 8836337 8199018 7875917 7557019 7168705 6787592 6363135 6029433 5758664 5339456 5019261 4384602 4008624 3563789 3164291 2862139 2522018 2085934 1768759 1429079 999308 796191 344369
286609 606604 995248 1453815 1660314 2130518 2424939 2800323 3183287 3503137 3854505 4169492 4632167 5000143 5351823 5735265 5997947 6311330 6772390 7354684 7853954 8137046 8428573 8630642 9191602 9440641 9785413 10349583 10450750 10901864 11267368 11552613 11283977 10937246 10242800 10082467 9647324 9258325 8913024 8639489 8225078 7654538 7596412 7369005 6678763 6305909 6105135 5584479 5312073 5161790 4756463 4239715 3658428 3395336 3001602 2785469 2407769 1932837 1692191 1299447 997925 712903 278455
255469 589483 976602 1342522 1593167 1878086 2295420 2710361 3101022 3619507 3853243 4035624 4487925 4954566 5245425 5415650 5776213 5960310 6292166 6793977 7411150 7716571 7879021 8266792 8571070 9171813 9147325 9669776 9854805 10176976 10421714 10910908 10399061 10272193 9682164 9530969 9222161 8860207 8461905 8002720 7758029 7385169 6880029 6651054 6298906 5812549 5686801 5329452 4915682 4622488 4376271 3874689 3449260 3151310 2816094 2596258 2077439 1767071 1512338 1222022 928637 657274 271823
250673 536726 957225 1281654 1501461 1885535 2272258 2691720 3015889 3358159 3632726 3857764 4267939 4532548 4788111 5318811 5565406 5883451 6109651 6582970 6869102 7228152 7860294 7683767 8214972 8551174 8587291 9050555 9450569 9573835 10044232 10029848 10070087 9942757 9364703 8788354 8495358 8421427 8015570 7505518 7040349 6626130 6744281 6231755 6109759 5703078 5343913 5006877 4732065 4458591 4127582 3547289 3137997 2847015 2584376 2392453 2048104 1620052 1328531 983628 817566 564416 274561
253678 531876 877492 1133436 1449805 1735401 2067140 2468903 2802958 3156324 3453916 3805125 4068752 4349779 4493847 4956305 5355653 5369609 5686322 6109169 6294986 6903714 7342418 7462198 7790429 8218908 8468864 8744539 9054961 9028994 9364708 9573428 9253011 9013476 8647857 8337278 8344487 8028277 7521779 7228229 6797211 6483201 6309879 6028414 5556709 5302294 4959604 4716697 4353321 4150381 3853303 3533112 2962199 2813858 2538023 2176491 1807246 1373552 1308350 979608 770499 509871 203546
252820 531948 893455 1225439 1497862 1645401 1945984 2321540 2554786 2916190 3288373 3478042 3729067 4116308 4302787 4737831 4842054 5133704 5553894 5749254 6159669 6669314 6900588 6912762 7514506 8026399 8094064 8163837 8597703 8644751 9064476 9128891 9109720 8590708 8469747 7949163 7751267 7302284 7013739 6745617 6559236 6222180 5788684 5654639 5431081 5000700 4723272 4477772 4184287 3958196 3633070 3172555 2814889 2467600 2305109 2172654 1708650 1539122 1177186 930929 664767 485097 225343
222680 465540 776380 1085834 1403780 1512082 1911307 2179602 2559396 2907355 3161837 3344001 3677249 4111464 4332226 4668758 4855898 4974684 5158732 5588112 5875563 6233466 6408101 6607648 7027856 7302127 7757379 8081747 8162723 8408011 8551425 8782004 8509752 8263478 7947616 7556487 7364948 7127212 7179721 6633868 6360810 5784138 5567000 5310086 5189782 4836370 4652526 4053083 4041015 3992964 3498831 3212419 2824234 2540893 2210355 2059853 1637167 1349917 1084674 999322 696929 510181 165118
177123 347425 686682 989628 1284366 1562983 1812509 2188372 2436680 2815945 2949702 3114799 3530606 3668499 3773817 4109960 4394060 4620935 4971849 5378128 5539942 5724745 6026745 6198503 6446022 6782699 6932272 7530076 7316821 7652106 8047849 8251044 7923637 7672250 7592988 7275214 6859130 6567266 6490201 5989952 5890896 5545031 5332031 5006384 4742292 4443015 4310871 3963092 3798045 3645243 3254390 2969088 2705550 2389929 2091073 1953734 1703715 1281395 1047305 870876 615257 461725 185127
157057 362103 634435 881862 1108336 1222447 1606277 1906905 2181784 2510804 2642469 2903696 3160255 3471073 3659962 3955246 4186916 4227248 4541613 4739544 5129802 5373824 5646313 5804248 6059298 6447762 6663688 6838567 7102185 7071044 7484822 7692936 7466289 7450954 6910331 6602321 6429045 6574689 6034715 5885547 5580794 5273217 4853956 4815105 4498515 4450803 4227213 3842219 3535089 3291074 3176325 2777777 2487071 2081490 2078428 1860665 1583316 1220139 1103638 857238 656323 472726 163436
151546 328849 640852 886856 1060388 1208958 1507055 1800937 2055203 2323948 2437242 2799849 2955481 3271439 3382089 3585520 3737624 4025658 4217032 4646560 4823472 5139076 5475900 5505704 5679196 5995930 6110312 6331206 6587128 6635704 6753318 7229971 7064853 6884796 6502688 6293321 6136319 5837345 5525528 5510402 5226090 4813416 4476674 4299318 4116961 3868005 3772959 3505493 3524875 3057927 3025247 2554883 2381859 2030539 1914625 1637974 1445043 1024885 958513 747705 537283 421809 138588
147913 312409 548448 716972 889889 1086050 1334705 1745693 1860169 1999916 2383471 2426803 2788558 2945789 3167327 3294471 3545648 3901532 3988358 4264903 4448513 4886755 5033357 5152686 5321856 5533387 5663839 5742036 6229987 6302888 6381981 6563857 6398053 6256257 5912311 5810955 5581443 5603984 5154081 4985692 4808258 4566222 4256067 4206926 3870761 3790355 3575524 3169236 2867278 3018150 2666646 2451102 2143191 1967025 1620484 1599060 1263508 1126830 990009 783389 604562 376759 136037
140649 347319 535492 789008 941838 996705 1260058 1485351 1742734 1959231 2247115 2388722 2459442 2665312 2803917 3175535 3357436 3390447 3605948 3866169 4179262 4426688 4582806 4862085 4865648 5185052 5363687 5477468 5510197 5633709 6010540 5976620 5866090 5649544 5552244 5387885 5193757 5107541 4688077 4527274 4388662 4275973 3928462 3656777 3538440 3327602 3145763 3127264 2806280 2578846 2515110 2214835 1886935 1796105 1523139 1348040 1147072 956932 791550 694200 559485 386923 116526
115198 306691 583580 740645 997424 1071214 1188850 1343644 1578825 1771000 1873997 2052785 2275600 2519846 2545575 2787097 3136039 3162521 3441107 3578502 3810741 3974116 4112940 4220649 4553641 4586082 4641723 4782267 4953399 5348555 5535571 5692982 5358737 5132075 5034294 4846270 4597347 4354488 4247770 3987030 4014710 3792204 3435012 3377599 3239923 3250942 2893023 2800912 2447133 2462709 2192774 2025185 1869973 1560562 1457868 1244890 1009985 858240 819186 620070 449010 299826 99000
122904 270471 496743 674068 842560 961867 1100683 1282066 1391972 1471161 1721011 1805252 2093413 2149366 2286745 2384750 2559950 2736948 2973813 3072238 3259994 3438548 3726594 3865953 3882784 4094657 4373592 4324782 4439704 4710090 4732763 4866750 4685474 4602080 4383468 4135157 4069172 3992335 3784954 3680437 3594201 3277234 3093816 3075937 2813548 2577886 2507748 2331715 2213744 2251618 2023212 1864468 1601713 1497185 1306741 1245273 968670 784377 700470 608469 467375 314359 108711
89294 210564 408176 563668 695532 770602 939046 1093444 1261110 1450559 1499114 1634855 1699041 1898621 2049519 2196215 2252055 2464499 2380777 2627193 2981780 3090406 3208759 3268768 3395026 3698214 3726667 3739086 3955118 3961205 4329806 4525942 4431181 4006730 3914323 3749198 3657842 3465469 3319033 3052826 3005676 2940423 2727082 2765635 2531586 2346644 2314721 2237025 2070458 1890815 1799564 1503036 1266799 1349686 1115136 987020 754273 746394 602473 550607 363795 232439 55317
69783 193322 358758 440820 572065 619861 741644 855890 1099818 1135496 1301698 1289350 1454873 1609686 1758249 1903074 1822107 1835196 1966328 2131678 2319983 2465224 2572350 2674757 2833720 3123722 3150169 3274704 3264527 3312350 3571035 3722447 3630280 3418444 3180214 3194873 3186952 3017847 2907307 2824382 2620330 2456142 2365555 2288796 2131099 2067824 1848187 1737605 1775734 1710301 1535180 1461441 1247277 1117350 1052357 918725 689893 570523 569877 456599 350407 212325 71082
41473 126135 265143 384529 496412 549895 700984 835000 882809 965770 1030787 1153617 1299382 1400793 1515165 1524878 1599649 1690222 1777421 1970676 2046009 2155444 2240085 2352007 2379292 2645589 2620464 2639101 2766321 2827602 3050934 3152691 3065346 3025680 2957826 2665703 2689506 2636118 2412476 2285998 2245451 2083977 2089336 1993301 1911613 1782892 1597771 1533158 1478598 1535497 1283294 1116935 1043315 946385 803714 797975 623200 504232 457201 441934 300948 186961 41458
67051 123892 257372 277349 363218 455684 517541 667380 733863 847710 919934 920715 1083724 1151391 1235736 1322067 1330732 1353339 1400746 1608942 1673620 1728334 1866821 1943646 2082103 2256910 2257602 2442520 2315989 2410126 2554469 2581018 2560624 2459275 2273140 2324878 2177575 2132067 2090664 2009490 1919559 1838885 1799594 1673362 1667448 1514794 1412586 1331468 1266467 1253106 1215772 1004996 887363 776704 759157 578935 491037 377345 409823 312829 275094 139929 34236
25321 99114 178528 265975 323773 316007 358229 425384 528449 667796 728846 767103 767220 864645 1014677 1055316 1086473 1078754 1125209 1222290 1383349 1529884 1528539 1576087 1710600 1724042 1915040 1884454 1974510 2040356 2032110 2154858 2123443 2056795 1928176 1846613 1783318 1759961 1687510 1661230 1694006 1483607 1441588 1447293 1374763 1260572 1171418 1079081 1133727 1006212 948563 889196 735548 647468 651238 598729 433782 364009 314907 223421 203109 103793 21443
23084 53794 154175 226743 323819 375113 424837 449951 476608 535020 578806 584601 605305 642287 685704 765111 862315 941803 931507 960215 1038799 1118221 1214802 1150556 1230040 1221016 1334053 1374722 1444144 1499479 1507443 1470776 1554013 1464119 1359833 1283211 1187149 1220240 1227441 1139591 982472 1009537 1005930 979437 943785 962688 776893 795509 731585 773160 688906 500932 498808 438501 386342 362387 334317 247386 249936 234515 163141 87900 13395
20600 51417 106012 153853 221237 255742 284300 286910 322123 338986 382018 383377 369879 349494 405515 449389 505688 490119 505985 531002 614894 669962 784377 743909 737379 694801 798619 872507 856440 800067 815764 877721 884378 858242 803860 691741 595485 703491 621795 729848 575190 517142 512979 630469 456091 535583 437996 382020 393196 456845 358591 299548 283755 216274 283934 206517 199238 125321 130205 74261 84545 26322 2772
9416 24638 75242 110022 156160 141509 155299 174495 223296 246522 242556 214703 201618 219928 258836 325132 304316 333347 277015 362301 353285 440129 383679 397959 390194 459329 407644 456905 404296 475895 497314 506918 554909 475156 451284 375496 431667 417068 424589 295387 325886 261418 305333 270060 344520 258516 233047 267779 256374 174285 228300 177349 123654 161009 129794 125647 67553 93071 65573 90428 65028 42069 5343