100
94 164 125 99 214 131 161 127 6 129 9 205 215 11 182 140 144 35 211 157 240 209 215 13 103 128 226 132 26 67 111 230 208 184 19 250 162 105 206 65 175 172 196 89 238 187 151 181 27 124 236 65 96 2 67 241 37 162 131 208 51 256 27 108 235 14 121 175 127 81 74 237 137 152 112 173 37 103 80 131 85 154 230 49 55 147 181 50 220 184 238 192 231 192 72 171 130 55 4 94
225 147 192 249 214 224 123 130 108 235 169 50 51 36 138 92 129 68 105 23 152 43 107 68 195 4 216 11 127 67 44 194 56 168 85 106 9 153 18 1 46 121 49 15 182 114 122 100 209 35 58 161 10 138 172 22 25 86 172 169 27 176 199 253 254 37 73 44 40 45 114 55 130 57 102 49 116 62 194 8 158 128 14 122 208 162 191 112 83 206 54 7 90 83 253 249 39 58 8 205
1 35 115 56 71 80 203 46 256 219 61 163 244 38 184 238 89 144 135 95 4 69 167 67 48 15 56 41 156 148 182 71 8 134 4 159 13 5 81 59 10 124 88 234 7 98 175 206 70 234 48 75 74 43 61 45 137 256 91 254 142 109 206 111 20 170 172 119 256 194 16 127 210 236 142 183 59 98 239 178 167 219 64 112 51 220 11 54 19 147 18 195 195 202 241 210 118 182 107 232
65 44 222 70 103 180 236 128 117 159 206 233 72 181 28 40 141 41 148 58 223 208 191 134 143 248 125 194 225 193 207 73 47 185 247 241 154 153 173 217 147 23 152 65 59 112 64 18 197 149 3 202 226 36 155 66 89 99 97 114 101 243 11 49 187 190 169 222 33 67 232 230 224 148 251 153 23 209 94 164 115 87 80 78 176 255 144 222 252 189 120 86 198 146 78 117 83 142 181 239
56 123 220 132 109 177 131 135 20 135 48 15 171 92 179 254 221 61 99 162 61 240 41 193 72 73 142 178 29 135 28 213 127 158 17 240 20 194 4 250 97 108 33 249 190 201 151 149 92 192 256 137 120 44 65 32 19 183 6 120 79 84 225 43 242 242 184 171 128 210 82 90 33 235 164 234 21 151 233 121 18 230 121 98 63 19 138 209 208 56 61 109 15 167 250 185 249 230 171 249
234 222 220 151 206 125 196 178 157 175 19 192 200 52 130 53 175 157 57 130 113 142 228 87 67 181 185 256 254 76 26 52 54 191 150 19 89 33 134 251 132 147 177 231 182 143 106 109 136 198 158 151 239 82 12 19 219 19 233 59 256 207 236 190 74 1 53 9 45 76 203 93 112 87 63 221 101 14 159 56 116 207 32 192 250 91 58 190 158 56 138 193 116 206 256 14 182 74 49 171
116 245 196 124 115 98 225 3 91 241 40 27 148 215 2 73 157 37 0 163 8 221 157 158 251 239 111 123 72 185 230 253 195 248 53 121 106 198 153 98 228 149 27 35 179 50 10 111 176 158 236 174 117 57 174 175 6 148 150 134 218 139 242 126 91 208 21 242 84 100 20 222 19 78 140 198 221 59 210 60 2 156 175 153 91 234 178 32 122 196 187 159 110 67 189 82 191 82 204 60
105 241 211 127 232 40 84 239 86 155 52 228 219 38 28 246 13 217 231 167 93 46 141 179 89 71 201 183 186 135 169 60 105 178 72 115 140 189 11 246 50 64 10 138 253 55 213 86 182 233 191 205 89 61 151 192 182 216 13 126 108 238 107 221 238 24 234 81 110 189 106 125 240 206 154 245 66 30 42 112 67 96 27 105 152 172 153 133 227 245 244 187 29 27 166 41 87 193 130 234
212 200 135 180 184 70 46 173 108 190 246 236 52 41 81 123 74 74 8 223 136 164 222 132 198 1 69 96 246 194 72 183 91 72 125 239 14 145 23 230 151 85 124 110 21 248 170 237 191 75 177 53 66 115 198 87 156 218 112 177 47 249 64 248 70 144 149 217 226 55 9 87 89 246 70 9 46 137 63 27 255 159 155 193 36 0 63 106 6 205 126 183 169 111 80 123 78 92 18 96
149 96 153 163 81 49 208 201 5 183 207 167 155 239 14 93 88 235 39 151 53 96 153 29 25 42 31 171 219 143 191 209 17 39 205 73 46 122 49 130 79 248 13 19 240 180 199 186 246 228 161 191 235 151 97 220 224 166 98 65 157 249 254 252 181 159 61 42 230 136 41 184 170 202 217 118 12 153 60 44 196 163 85 117 25 49 155 40 54 109 91 13 122 60 120 153 214 16 97 14
166 237 137 84 153 187 129 151 160 248 195 188 147 216 225 83 44 29 10 227 86 13 208 192 240 117 24 119 159 255 6 84 239 143 14 143 76 23 240 29 25 71 233 178 227 170 113 155 12 136 71 42 6 178 243 137 217 97 213 205 249 115 63 39 19 185 208 156 183 217 36 160 192 205 149 116 197 1 79 20 98 100 61 255 253 18 229 114 185 252 174 41 82 242 175 160 166 110 159 22
252 229 15 250 47 43 145 114 135 11 81 4 56 39 211 21 168 230 10 112 11 227 135 104 1 19 39 200 255 231 139 238 47 63 140 122 166 90 88 162 195 30 246 219 160 181 74 213 197 72 177 36 10 198 252 32 0 90 109 171 212 33 159 188 116 98 217 180 145 56 210 215 87 120 62 54 67 91 52 144 207 87 61 225 61 27 110 77 112 38 197 12 164 203 84 255 2 164 161 93
166 18 68 169 224 222 26 189 243 76 145 214 45 126 117 82 198 212 101 37 53 103 90 217 9 193 1 126 212 89 104 69 80 2 123 136 206 144 197 92 3 220 17 170 54 214 68 81 110 249 231 220 210 109 82 145 181 198 14 128 11 101 247 23 71 164 185 117 54 176 88 80 15 76 125 60 67 63 144 128 44 148 200 163 206 179 37 94 157 123 92 98 209 134 199 92 167 73 214 16
104 14 148 211 251 111 118 231 160 77 64 155 213 54 28 47 35 245 11 67 59 15 112 204 37 107 23 14 103 59 29 78 209 141 35 55 150 0 34 157 15 167 35 43 75 107 144 255 0 141 171 21 64 105 252 62 86 232 151 16 57 129 112 169 211 60 135 214 36 240 141 131 48 29 177 108 198 224 190 19 122 172 129 147 208 208 225 216 151 144 74 243 123 25 157 226 121 86 161 154
121 105 224 41 22 198 232 149 43 31 160 186 109 211 224 22 93 234 77 30 249 18 106 210 226 234 53 67 157 55 186 164 226 182 30 23 76 106 46 68 16 45 59 214 254 190 78 186 165 70 154 14 235 221 30 9 233 186 228 189 201 173 132 197 203 35 217 31 205 194 76 176 96 27 144 72 99 196 9 41 23 232 198 191 108 239 67 30 23 148 101 67 118 6 87 217 27 207 213 58
248 181 41 30 74 125 0 171 209 70 44 197 195 227 140 124 57 227 196 186 157 74 33 161 144 144 105 211 114 184 5 102 90 173 121 191 112 136 210 59 78 150 210 56 201 242 22 60 239 160 61 3 83 79 169 118 74 113 229 55 111 122 151 159 224 232 84 3 39 220 72 2 181 197 142 141 16 219 114 106 61 171 137 242 198 166 30 11 48 87 249 1 136 36 43 144 23 191 43 22
64 165 34 16 141 186 164 46 41 150 145 69 150 153 91 118 53 51 71 11 6 186 10 202 243 18 10 162 206 65 69 176 191 136 66 202 232 131 60 231 161 93 180 124 238 12 139 4 13 245 72 109 193 15 31 179 72 25 47 157 69 133 147 99 169 3 114 71 132 219 239 214 67 26 202 13 241 137 14 11 101 256 197 197 208 195 22 133 190 242 180 207 70 30 28 241 147 98 232 81
92 247 120 219 248 134 200 250 202 119 252 38 78 200 91 25 105 206 108 154 14 103 232 58 126 102 183 200 209 223 183 70 179 151 3 92 116 103 148 32 196 111 139 230 41 58 51 73 78 117 245 245 64 230 99 93 108 107 55 52 234 49 15 252 179 147 31 249 37 124 211 117 119 139 40 23 136 36 173 164 68 125 78 250 205 62 8 175 19 162 253 139 143 176 256 78 36 206 0 88
206 104 181 225 76 240 43 211 100 161 136 41 99 211 58 125 53 115 95 72 154 240 53 19 162 211 154 215 76 232 240 93 73 12 151 165 247 121 31 92 5 132 165 205 80 66 140 133 78 102 167 38 19 168 161 155 119 121 44 149 41 76 13 44 54 0 133 180 206 215 68 218 118 188 104 63 236 233 14 74 254 236 215 46 144 255 127 57 88 199 96 87 77 177 36 0 156 21 154 14
2 161 128 23 75 217 243 114 99 231 75 208 94 244 122 45 137 74 235 2 41 243 129 159 64 253 67 76 96 253 238 196 216 112 92 60 88 63 2 216 198 236 132 65 106 147 55 209 7 158 208 160 244 51 197 46 202 200 65 161 191 83 105 215 168 35 2 4 197 86 227 90 212 26 180 184 40 98 53 133 199 248 182 161 122 179 180 73 148 162 64 56 99 172 214 131 160 173 140 54
232 168 135 247 120 11 124 125 71 198 105 134 86 167 21 27 238 78 100 121 132 218 139 251 65 218 223 187 198 155 247 88 149 184 144 100 115 251 229 149 115 120 222 116 26 141 28 101 101 100 111 244 149 166 2 59 162 173 232 220 192 53 170 129 246 198 126 192 39 233 22 199 99 228 155 140 12 203 192 201 151 38 40 184 61 109 51 161 149 234 118 131 228 81 159 199 15 134 166 17
212 233 212 188 200 183 210 185 96 247 27 33 72 42 134 165 172 129 179 188 5 37 137 133 236 198 17 69 194 7 37 245 240 190 232 160 203 186 171 173 182 15 53 161 126 171 106 19 256 40 244 152 61 187 39 88 99 137 81 19 55 179 130 138 110 19 38 217 238 158 136 107 34 171 120 146 123 90 186 208 242 118 103 226 88 54 172 7 76 202 106 27 240 137 13 192 249 100 251 66
7 57 162 32 131 222 180 24 176 89 156 226 173 170 124 38 134 85 100 75 184 165 159 36 148 89 207 46 55 161 255 112 90 90 199 14 56 26 132 251 204 194 101 29 67 172 225 191 137 139 126 73 232 209 98 55 184 32 76 31 32 6 60 131 228 203 82 11 43 123 92 157 20 132 61 143 56 153 185 39 246 170 41 247 254 79 208 234 131 75 98 47 108 136 211 40 137 124 175 115
136 173 246 77 221 66 80 80 197 123 8 174 29 85 85 111 243 12 244 242 158 68 34 33 131 34 90 252 131 139 77 128 235 233 233 167 29 200 28 200 94 147 236 63 124 24 242 200 128 242 25 157 117 110 172 165 75 60 186 88 120 238 113 41 145 198 150 196 96 186 110 98 92 172 34 181 45 113 78 216 18 18 231 173 18 84 167 164 81 53 5 207 227 132 177 224 148 76 221 72
160 94 157 82 42 181 126 232 251 55 198 157 217 92 58 127 85 124 240 14 87 234 92 186 179 170 183 214 113 72 171 25 248 215 41 68 27 9 146 221 47 51 195 193 194 199 149 169 170 253 236 226 127 253 173 167 132 76 230 92 124 53 202 179 73 46 87 209 72 217 93 184 57 67 20 63 97 251 43 124 44 244 122 102 131 56 250 97 115 96 111 123 53 102 147 220 69 235 120 115
102 248 24 19 29 81 27 150 36 35 96 74 224 52 11 23 85 81 13 204 225 117 252 168 218 21 193 80 14 157 11 163 191 139 137 45 168 233 10 155 32 140 111 148 103 6 167 81 100 22 113 17 239 11 62 185 237 200 232 195 104 139 159 201 150 25 169 56 185 252 8 76 138 173 255 30 151 94 102 151 121 232 161 16 17 22 91 12 161 109 143 49 87 188 187 199 74 188 96 164
102 6 75 91 164 199 22 230 252 148 5 88 28 202 94 233 85 66 97 19 159 154 203 158 38 2 154 177 28 28 167 82 122 134 100 163 44 86 65 83 41 113 188 234 22 202 64 121 33 172 180 126 32 93 202 73 59 152 2 192 104 119 102 4 128 43 10 165 15 13 47 213 47 30 222 242 3 205 58 27 13 116 233 15 85 6 217 87 118 67 55 163 4 166 150 169 29 143 221 179
101 202 15 197 253 67 79 51 167 69 248 127 218 1 53 82 16 166 29 189 142 207 7 147 110 90 239 186 193 99 192 151 88 220 0 181 197 212 55 135 226 155 198 85 185 163 49 214 10 59 181 5 47 195 220 128 136 211 251 44 102 51 168 191 175 98 171 106 206 161 215 251 109 250 234 190 129 127 118 79 237 242 230 173 254 221 21 253 171 116 105 116 71 110 172 128 173 195 5 208
256 56 246 152 256 59 28 24 150 203 118 147 6 248 83 128 80 54 164 104 6 21 197 104 210 9 206 117 4 58 164 211 189 175 195 138 192 210 237 95 82 109 33 195 142 97 114 81 147 72 90 128 230 170 9 122 82 131 139 149 226 23 248 104 141 22 194 205 224 239 253 165 170 6 181 146 24 32 241 17 67 73 88 221 63 41 109 184 38 83 166 124 183 147 120 205 241 155 230 228
9 44 256 83 245 176 195 67 109 188 115 194 180 28 76 98 110 133 214 30 234 79 131 232 239 32 173 170 255 241 157 50 86 159 142 1 2 113 231 75 186 46 208 183 215 226 72 8 168 45 135 57 88 193 125 36 158 134 231 203 134 44 243 53 86 219 14 247 168 169 244 182 3 88 242 7 154 162 162 118 13 231 234 154 210 234 29 38 247 214 171 175 136 38 198 105 104 107 53 95
3 16 139 221 162 183 59 41 208 220 25 212 100 17 101 16 116 65 63 97 106 151 164 193 237 196 42 165 205 242 105 229 130 83 172 9 118 81 8 140 157 70 39 149 191 24 142 254 113 119 179 73 10 133 219 168 58 86 44 11 222 186 81 60 22 20 1 130 116 195 162 171 201 203 17 193 130 90 35 126 171 168 177 204 181 241 186 145 56 143 121 11 99 131 186 216 81 75 154 0
165 232 102 197 147 127 32 6 212 21 77 246 108 207 205 251 249 33 123 142 72 161 43 7 87 133 226 133 149 115 125 41 211 212 2 41 3 178 64 52 212 149 26 53 20 22 6 208 83 113 184 170 26 12 137 44 240 143 31 57 30 207 43 189 217 51 194 157 128 175 231 152 83 8 43 181 148 27 181 159 223 89 49 193 94 48 226 47 43 52 111 15 124 163 125 195 113 215 90 141
243 5 209 199 256 72 61 14 166 18 104 67 49 1 205 147 251 128 51 185 29 75 65 88 227 52 221 18 35 196 72 58 9 202 138 145 13 94 36 238 45 188 213 80 129 138 1 81 97 0 100 143 16 25 140 237 245 133 70 20 238 185 227 133 223 140 1 101 231 223 3 101 244 122 172 151 154 180 154 104 247 84 36 113 75 69 140 88 216 239 171 112 49 163 98 114 164 255 254 110
94 255 240 204 74 205 256 172 56 124 42 154 16 104 37 207 35 254 150 149 175 124 37 242 182 77 83 79 147 177 97 149 75 22 69 18 27 235 204 36 55 242 185 64 62 118 35 197 63 116 161 126 85 13 17 156 186 87 0 70 244 229 83 223 51 33 91 243 116 215 169 233 155 81 170 23 201 174 140 145 158 211 161 119 202 162 4 10 233 132 36 215 153 103 242 70 80 145 62 25
131 106 8 105 15 177 178 8 27 43 241 14 193 171 206 109 1 141 187 85 251 107 195 158 214 63 196 190 255 146 47 110 85 190 107 60 84 242 204 116 154 46 205 215 253 93 248 199 161 187 73 172 220 8 234 20 200 228 154 22 217 116 104 189 134 169 242 55 96 150 27 182 46 56 158 58 19 109 127 28 183 233 75 90 201 97 29 166 102 107 148 225 111 208 190 249 8 125 131 59
213 125 56 211 186 109 173 41 152 125 237 185 42 48 215 1 242 215 63 89 11 196 47 37 18 255 109 247 9 118 168 136 78 103 245 236 211 130 8 50 167 41 124 228 129 39 87 24 131 29 229 204 226 133 174 72 78 140 177 145 150 235 201 201 76 81 62 164 177 9 141 134 212 165 68 152 188 207 60 123 29 124 195 72 176 187 248 174 134 40 35 199 148 1 120 58 99 68 126 207
2 128 116 212 25 84 238 137 205 124 29 62 184 60 208 65 242 101 184 186 40 127 234 9 103 200 9 18 68 121 177 249 8 118 233 245 180 95 193 129 255 30 130 70 123 222 2 132 19 208 148 22 55 33 188 129 196 148 163 198 24 148 186 74 162 180 61 142 170 192 182 174 22 122 253 198 237 0 31 135 222 104 113 220 56 57 156 198 111 177 157 77 122 136 162 26 178 79 240 190
236 159 41 158 103 242 92 12 138 70 50 74 19 229 200 160 248 94 185 54 179 171 239 123 111 188 190 159 83 130 102 169 38 220 92 150 221 77 63 43 16 202 192 22 132 94 243 28 92 173 41 156 147 172 162 51 78 28 112 63 166 238 43 4 63 40 255 176 181 164 183 43 58 127 134 219 47 236 231 83 82 123 98 229 85 93 43 178 19 75 98 169 34 42 14 215 29 149 79 159
166 138 93 139 237 130 2 144 101 31 107 33 224 193 118 130 124 66 16 26 93 154 105 3 33 237 18 174 84 240 153 37 64 217 182 166 25 237 232 38 3 149 158 54 81 6 166 228 230 69 40 241 185 19 88 45 207 82 187 162 217 51 31 52 55 56 134 106 38 138 137 49 173 211 210 25 145 91 127 113 93 179 107 48 22 206 37 143 111 45 29 47 2 224 207 152 240 9 89 233
18 55 217 79 15 242 143 192 124 230 99 160 189 148 52 223 159 79 119 208 93 166 70 75 76 149 217 101 11 39 14 225 65 150 120 49 238 2 138 140 149 239 101 171 231 206 6 235 0 165 89 86 195 124 110 154 19 26 87 106 114 85 152 239 94 74 31 210 76 27 100 155 86 39 220 169 248 122 26 227 51 231 181 124 241 199 119 253 150 142 200 87 154 14 76 33 53 139 223 158
33 187 198 44 163 184 218 18 169 216 63 243 250 17 251 255 78 78 11 221 215 252 92 165 159 84 188 216 160 255 244 171 202 76 53 249 62 160 215 101 9 190 11 195 125 167 237 192 187 239 244 105 191 246 151 141 79 218 1 75 119 75 223 181 197 142 191 120 176 115 216 253 249 169 52 129 173 97 218 224 246 184 240 48 28 215 104 200 175 102 124 126 57 115 134 250 54 4 101 92
247 19 18 229 171 221 218 91 243 50 71 198 25 186 214 185 149 94 22 81 68 107 109 93 193 13 80 48 133 127 123 44 105 234 206 173 200 89 71 178 252 78 254 37 183 245 32 40 190 173 230 200 159 221 72 234 146 92 36 171 206 128 59 26 189 153 192 37 109 136 61 143 14 79 231 14 4 164 213 62 45 18 185 133 70 252 159 81 102 11 63 194 219 206 185 5 87 37 240 240
167 18 42 243 248 120 71 176 200 17 250 72 7 219 94 84 172 137 150 245 111 193 179 163 231 126 247 38 215 213 189 147 183 17 43 42 176 57 190 177 124 233 118 236 179 57 170 167 72 198 14 111 116 50 104 204 27 218 65 158 202 19 103 17 54 22 2 9 134 229 171 58 132 79 240 113 181 136 83 160 116 232 135 79 95 161 188 252 0 197 64 159 87 86 244 243 91 22 251 25
212 151 145 246 187 147 66 29 98 187 195 201 64 170 183 54 209 65 220 69 190 248 196 27 108 191 20 137 21 42 124 109 157 81 122 36 236 100 185 10 48 149 146 45 164 111 158 145 150 17 204 253 78 186 105 80 86 106 101 165 107 212 100 39 44 169 45 206 72 247 138 207 150 74 223 228 20 24 207 178 162 8 43 252 179 190 252 88 213 40 196 104 41 232 80 72 228 85 235 143
28 2 96 221 42 122 255 160 82 24 147 130 145 31 146 208 5 96 128 215 7 174 33 187 104 67 93 114 76 225 143 143 144 130 14 137 141 90 46 101 129 183 177 96 169 112 66 172 202 19 122 82 113 42 209 122 183 70 78 168 16 103 15 196 57 231 107 183 219 30 72 133 75 181 93 227 159 177 208 209 10 191 65 231 20 57 160 4 159 39 20 131 183 110 112 5 209 10 4 89
34 225 47 27 241 84 226 48 103 165 231 67 167 14 125 86 74 58 119 128 134 223 4 115 69 178 163 71 154 159 169 251 36 0 94 211 234 86 175 93 181 102 153 129 224 206 255 93 173 254 82 18 109 129 227 143 230 184 222 99 235 232 168 98 226 92 23 128 27 63 70 85 26 199 227 119 196 236 10 255 218 252 218 239 190 43 46 189 157 101 57 97 113 31 116 8 214 81 121 210
84 4 43 240 148 123 217 135 194 210 91 242 164 124 60 56 18 57 107 47 234 251 56 70 42 71 50 159 99 125 111 197 42 144 254 7 77 34 84 228 10 228 58 212 192 106 222 86 149 38 147 53 131 158 54 53 251 214 218 22 7 169 174 131 42 81 255 73 86 102 190 218 50 203 11 189 81 48 180 76 136 190 181 207 6 91 166 56 245 229 76 62 124 226 119 169 14 11 53 206
84 35 58 100 163 164 99 149 185 127 133 14 57 181 61 56 113 205 87 252 135 236 121 200 126 227 163 111 196 71 60 249 229 133 158 64 235 115 5 76 136 105 102 119 148 85 5 115 96 47 228 236 217 228 170 56 158 146 184 142 123 146 215 53 179 211 114 3 219 55 160 0 156 178 74 196 22 69 90 71 165 135 219 176 230 168 15 33 149 227 36 175 139 169 193 242 155 140 167 224
110 2 64 231 13 12 164 183 250 35 28 178 24 178 215 158 53 126 192 108 149 100 111 231 22 195 132 57 249 244 165 220 231 109 81 88 212 43 45 80 24 180 1 237 208 204 195 78 106 88 249 102 21 36 175 127 149 7 216 59 122 67 26 118 253 33 75 87 246 48 115 57 187 73 141 67 239 6 59 35 182 68 148 173 66 20 157 185 59 223 102 152 134 191 65 253 183 24 173 145
194 235 83 0 51 62 79 182 71 184 118 131 152 146 131 125 98 181 182 53 124 44 188 212 137 39 151 176 140 95 88 155 184 213 212 233 104 30 238 181 157 222 3 92 0 166 127 170 92 195 156 69 112 168 119 29 156 252 253 89 230 177 32 29 165 203 217 15 148 148 144 134 66 245 117 26 138 106 45 129 129 149 79 160 219 243 194 88 233 118 40 240 223 28 128 107 86 142 104 95
28 165 45 2 216 40 91 98 159 204 240 64 112 217 30 57 141 215 149 206 25 123 33 183 153 186 95 191 10 200 21 44 213 185 34 69 198 146 203 48 36 12 221 113 165 29 70 76 16 50 77 39 103 222 238 243 108 211 221 59 13 40 10 51 226 196 86 190 63 52 48 37 35 35 176 128 47 146 175 118 26 209 149 191 157 248 13 118 11 4 222 24 22 122 242 92 71 59 252 32
198 62 67 175 51 138 141 54 65 150 64 177 172 185 191 256 20 215 134 210 216 81 32 117 88 55 187 43 179 240 74 131 145 17 73 153 132 91 33 61 56 86 235 244 11 2 254 231 160 179 13 84 2 93 174 218 175 119 124 67 21 144 233 176 206 25 223 40 47 234 236 132 52 234 18 164 132 126 134 47 179 175 140 86 255 241 106 255 49 85 52 0 252 149 127 4 178 187 38 86
14 150 79 199 143 190 113 75 121 79 120 251 206 145 125 78 204 256 195 202 206 54 173 148 160 98 113 128 150 170 221 246 34 163 54 6 219 174 47 211 108 161 135 87 106 82 108 221 181 246 89 168 256 251 99 173 113 69 49 154 182 129 143 224 6 160 24 153 196 242 235 65 200 75 32 32 64 57 155 35 121 21 61 146 21 98 56 247 246 135 174 76 201 170 156 94 252 254 148 78
118 171 253 76 32 30 154 128 84 42 227 167 181 75 81 96 23 31 3 168 180 113 152 27 2 94 175 76 214 105 110 122 129 23 200 163 216 212 57 36 19 198 41 245 6 183 256 80 219 86 108 155 247 163 169 252 82 204 62 164 177 108 28 205 204 69 19 82 60 113 186 156 180 168 4 138 253 86 12 10 252 244 38 174 181 130 92 173 172 216 161 68 102 160 171 196 242 253 188 51
217 134 59 236 130 136 160 74 39 234 213 200 226 45 94 151 213 0 105 115 205 213 158 172 142 174 176 231 76 70 146 205 131 212 108 155 71 236 14 250 23 243 105 16 54 225 189 9 61 189 137 224 155 2 141 122 10 57 28 96 118 191 200 122 203 106 31 251 249 246 162 180 119 227 236 223 160 67 120 228 24 169 122 241 165 228 41 103 177 93 239 83 20 227 48 233 164 88 253 123
93 69 251 128 12 110 187 39 145 33 249 180 108 21 128 229 85 160 200 183 123 88 70 72 99 206 38 203 184 50 219 233 137 60 254 18 156 240 131 254 200 109 252 176 166 236 229 55 229 247 161 135 60 248 249 165 120 73 51 235 137 212 172 94 185 83 185 57 145 72 116 55 211 132 17 149 65 201 206 4 228 242 57 86 0 176 165 247 40 154 191 142 38 77 105 164 70 136 247 123
123 6 81 121 112 123 195 210 166 89 130 111 250 7 41 126 4 203 138 103 37 102 17 22 42 145 195 60 75 30 56 133 64 107 97 250 237 87 158 173 143 72 60 100 254 68 134 85 239 82 0 44 94 61 34 138 82 91 164 239 17 32 116 89 186 218 173 65 145 160 31 67 250 118 218 186 236 116 67 124 8 2 86 76 196 133 209 129 102 238 225 86 29 82 90 162 191 41 210 132
18 39 19 8 243 141 135 80 64 45 211 84 124 198 50 68 20 110 63 25 77 154 198 4 138 6 218 188 163 50 180 249 167 235 6 247 215 54 210 147 40 152 33 222 94 140 148 30 149 133 148 248 241 154 242 256 23 95 169 30 156 162 94 18 95 27 161 2 245 38 156 2 31 175 150 96 238 27 220 229 235 189 178 23 80 171 64 15 133 64 149 162 40 107 123 90 31 104 39 138
85 247 51 23 185 181 187 12 244 238 208 96 127 117 102 110 240 30 76 187 254 174 245 192 244 3 149 47 48 235 178 111 201 57 141 6 251 135 241 130 126 177 172 202 119 151 13 120 56 118 111 144 3 194 116 37 4 87 85 191 0 32 215 242 131 192 207 98 220 141 197 250 56 157 25 79 131 40 236 72 149 50 208 69 160 42 4 156 102 34 217 26 191 229 250 156 157 139 242 85
26 41 99 163 180 85 129 225 140 144 87 228 9 182 242 26 153 121 29 37 251 164 200 108 240 179 138 114 169 231 57 150 50 210 182 13 207 134 49 122 44 220 102 172 242 104 172 181 208 22 157 129 94 141 154 110 5 190 1 208 130 234 82 32 142 247 124 33 215 126 40 224 88 45 123 91 175 126 176 52 249 50 73 227 218 47 106 124 31 148 84 17 255 110 206 159 124 63 234 245
53 92 226 187 197 131 152 46 242 18 73 19 63 192 43 193 137 1 246 125 147 209 229 200 50 171 205 177 202 188 187 42 165 3 111 70 121 227 94 53 70 158 148 178 209 114 253 253 84 38 230 137 178 225 196 35 113 251 155 95 44 234 187 21 211 84 28 84 83 178 94 134 134 207 110 109 228 107 234 91 183 156 100 134 162 242 124 108 174 172 226 163 208 229 223 61 141 223 171 175
179 61 13 134 88 70 250 50 58 57 210 69 192 7 125 180 109 5 156 134 182 117 3 100 153 246 24 5 105 37 256 34 104 185 109 222 201 74 27 127 210 161 102 188 96 140 173 108 19 151 106 54 145 36 158 10 52 234 127 111 132 172 51 118 44 149 229 178 29 61 208 162 39 167 103 195 130 131 194 187 62 152 49 157 194 92 112 11 39 101 87 142 218 244 189 6 128 171 180 221
167 116 142 92 22 147 253 42 203 105 84 203 178 149 210 184 234 164 141 46 135 1 112 124 62 9 117 231 122 215 15 76 234 75 210 247 103 220 65 187 152 218 185 174 39 75 44 132 112 187 20 223 256 180 66 188 47 190 226 105 189 229 16 214 147 247 195 115 61 253 71 167 185 26 86 93 181 19 214 88 94 23 36 155 198 82 226 226 157 81 28 245 151 124 21 185 195 58 23 135
193 30 75 245 124 164 159 199 27 173 216 110 114 119 41 29 254 228 106 58 117 222 160 93 26 238 111 173 230 159 213 2 181 141 67 43 161 127 187 223 101 104 200 229 55 164 26 150 190 140 187 173 157 59 132 32 59 126 15 125 41 11 212 238 164 33 63 36 149 210 0 223 134 165 163 126 186 90 121 131 182 159 229 254 225 66 49 144 208 69 141 249 16 27 76 165 239 90 207 167
211 72 82 96 23 196 154 255 169 202 95 82 209 203 6 108 25 102 61 47 50 37 214 196 126 182 213 247 96 94 130 171 43 93 120 89 15 128 109 122 52 158 253 31 111 172 16 136 67 40 184 173 223 249 34 72 25 11 12 165 19 254 58 137 120 141 87 87 96 224 160 27 118 56 49 247 54 253 183 56 92 77 203 131 149 196 189 133 19 152 238 76 249 119 161 45 228 104 199 224
15 135 1 211 114 241 143 215 219 142 232 96 154 90 86 178 58 164 222 14 82 209 85 87 133 19 206 128 12 38 247 231 184 94 102 42 9 104 157 103 170 57 100 102 196 176 142 185 66 116 223 46 140 113 253 98 102 94 28 184 84 73 167 199 61 182 244 100 31 74 60 159 202 228 72 203 122 131 28 33 148 68 219 256 181 254 55 190 135 154 252 143 256 50 20 26 159 191 2 239
212 136 25 122 142 88 107 180 239 103 12 96 128 59 174 72 204 113 240 13 69 170 159 189 136 28 64 202 133 164 195 184 116 160 156 12 19 110 78 203 253 103 161 252 107 89 8 45 160 215 26 225 171 53 79 129 158 183 26 20 172 2 82 209 212 154 31 23 64 157 149 165 214 9 212 118 57 25 120 93 134 220 199 68 135 191 28 71 213 12 235 178 184 46 229 60 174 7 147 176
82 119 110 113 223 223 166 166 230 128 227 29 254 58 170 123 251 225 54 51 219 90 5 201 208 121 136 56 128 66 137 44 1 254 180 244 189 40 89 235 11 100 123 129 112 245 236 66 21 151 77 225 10 56 255 163 246 163 248 49 7 104 211 155 45 5 207 128 78 129 62 55 9 234 0 70 49 162 62 95 225 75 41 181 105 149 30 242 122 78 15 78 58 5 247 15 101 113 17 57
207 137 47 172 40 126 133 25 203 171 163 64 199 228 45 40 63 53 172 93 65 170 222 166 222 233 96 49 185 255 167 242 89 46 124 106 29 85 96 230 222 17 90 36 157 152 18 171 152 183 256 138 60 125 117 197 159 173 128 89 217 27 141 74 166 186 139 239 142 216 183 126 162 36 115 53 214 221 51 122 34 244 72 170 241 158 141 74 41 217 130 22 254 89 24 153 221 52 48 195
19 226 255 69 211 61 108 112 41 0 141 168 12 246 170 101 120 48 256 34 161 173 69 49 116 169 233 15 214 242 158 236 20 56 161 98 240 155 103 24 92 86 124 160 183 60 255 45 139 242 234 36 7 51 24 170 198 154 73 227 14 252 1 30 145 27 222 99 207 46 83 239 175 246 66 200 224 216 159 27 44 100 61 114 219 223 247 249 21 179 210 186 108 173 189 230 115 0 180 136
75 195 78 227 15 253 166 249 197 31 69 25 82 4 132 104 173 235 202 53 218 72 208 82 243 49 222 125 1 252 1 216 151 22 69 23 181 158 3 123 81 72 138 228 225 233 69 178 136 246 96 30 36 140 216 82 19 156 7 20 145 234 222 118 189 236 57 160 251 91 92 235 72 216 193 100 20 78 112 135 106 239 77 57 79 238 97 184 236 211 146 177 21 107 126 13 114 232 1 13
136 141 1 54 220 106 167 103 253 25 186 200 216 81 116 167 61 56 21 96 68 250 161 84 88 46 53 12 58 115 5 235 251 76 78 239 15 184 222 255 166 238 70 42 29 214 140 239 179 126 14 153 88 110 172 58 7 224 115 249 127 104 227 256 248 232 11 226 112 116 77 177 59 238 223 37 204 37 15 99 121 194 50 13 216 13 208 49 175 209 19 232 149 99 50 20 83 43 256 110
89 118 246 39 193 42 203 217 117 234 93 63 158 144 73 40 136 81 35 124 106 180 25 88 204 78 89 164 54 64 4 140 196 30 0 244 148 131 67 172 124 51 22 226 211 106 109 171 16 12 24 15 35 189 25 199 88 99 140 175 78 17 103 145 254 39 216 15 29 48 237 48 167 141 120 211 77 60 185 167 106 34 184 142 240 186 240 65 39 209 227 122 188 176 19 12 143 152 103 159
91 238 121 177 15 157 65 180 76 25 116 209 40 234 85 44 213 154 37 224 86 57 169 114 142 224 46 89 96 117 184 89 78 234 165 31 66 7 187 206 154 13 98 90 219 4 217 24 235 41 84 154 72 5 53 181 137 138 27 1 92 158 224 251 181 224 254 246 130 45 69 166 203 168 23 74 64 63 144 233 250 219 132 41 203 33 96 94 30 228 84 74 178 120 70 199 64 58 198 75
130 117 56 138 224 256 121 144 141 5 108 246 102 68 84 14 56 106 196 163 51 223 211 61 86 238 94 153 110 151 73 21 106 154 242 134 131 109 142 133 105 143 1 38 122 220 72 151 179 84 168 198 30 94 138 174 222 27 163 145 57 125 165 102 90 204 90 199 143 223 149 92 217 106 130 20 103 30 194 112 158 158 72 225 81 169 118 131 204 128 211 57 177 194 188 201 49 64 39 163
91 35 32 91 98 230 131 59 69 244 82 223 58 71 176 25 30 8 112 115 2 140 188 38 185 16 123 245 223 179 34 196 63 149 14 212 102 156 183 139 1 155 78 87 158 131 89 127 251 0 50 46 184 212 211 213 154 241 154 89 21 196 197 14 235 29 151 82 108 101 100 93 195 40 4 239 89 127 133 231 170 223 99 151 31 158 101 189 88 77 88 234 213 93 147 190 120 42 233 116
84 152 234 111 87 175 157 78 75 94 152 63 123 212 230 87 144 69 167 88 155 77 236 199 84 4 213 25 178 230 95 198 115 200 121 36 183 68 90 69 33 146 113 102 7 5 37 46 44 81 18 51 37 103 29 126 130 161 176 34 248 254 75 5 107 159 247 160 154 4 253 73 15 75 66 173 231 163 154 34 11 77 16 211 137 0 152 148 171 204 88 184 103 252 50 220 58 72 174 57
140 140 226 245 102 222 196 50 57 191 99 218 94 139 196 185 37 40 12 97 0 228 65 198 113 77 209 240 132 31 71 19 185 191 177 140 217 21 165 119 116 211 226 48 92 97 125 18 171 74 216 173 202 208 5 134 251 221 52 36 72 174 48 118 57 229 162 26 187 204 100 142 128 56 11 57 246 138 202 38 243 250 184 66 165 151 80 154 254 183 100 125 67 58 220 70 92 95 190 40
50 19 213 16 102 36 71 245 24 60 87 210 145 251 170 86 231 229 144 116 55 0 181 121 171 152 46 102 48 205 228 50 87 159 49 149 22 202 175 95 98 236 240 56 213 234 160 161 151 96 225 180 142 48 72 13 43 5 11 106 24 133 132 42 35 207 39 173 32 229 37 31 228 13 151 200 227 221 244 48 54 189 236 16 161 124 190 15 94 40 121 80 152 113 194 250 138 145 42 40
146 139 96 86 243 214 0 26 91 117 22 170 64 245 238 161 180 223 49 63 32 219 106 157 108 64 110 165 136 86 70 241 180 44 45 49 172 144 34 152 180 24 72 228 254 163 157 238 0 72 18 165 52 96 183 251 153 156 32 248 161 38 100 64 186 41 3 208 77 33 130 197 95 10 230 178 49 179 239 57 146 169 118 24 86 66 87 253 229 144 20 205 39 45 160 25 38 27 194 75
210 230 171 248 251 137 238 162 48 189 241 119 199 68 29 31 135 129 250 256 146 61 136 142 230 46 237 27 116 170 70 116 34 32 126 104 31 163 240 245 68 103 99 185 227 155 94 105 68 33 128 79 58 117 27 242 8 230 131 243 160 69 88 197 98 141 23 88 210 3 52 105 171 230 188 0 48 54 134 247 13 105 126 39 246 198 29 7 164 189 197 17 13 248 22 123 112 88 175 87
181 124 12 32 56 218 98 65 72 175 160 19 234 209 6 26 24 92 183 238 73 43 199 252 206 212 173 179 198 128 253 198 147 56 86 109 229 215 74 55 43 110 207 13 225 176 221 230 243 5 40 109 102 146 99 165 224 183 120 189 100 54 186 147 120 197 120 198 184 41 112 29 112 0 52 116 151 246 48 201 172 57 247 147 114 24 25 165 54 229 219 157 73 67 164 228 27 256 131 161
60 201 167 130 203 25 147 253 109 100 49 217 77 175 185 49 18 77 80 84 251 69 137 89 191 247 80 230 1 204 78 43 187 254 194 231 35 214 153 55 28 7 191 192 4 128 58 99 38 249 236 181 99 155 172 131 117 179 253 23 1 235 195 44 207 170 150 9 125 15 238 127 17 190 231 49 67 113 77 205 58 109 23 50 89 26 228 108 120 43 225 104 84 114 85 230 21 212 134 60
168 101 60 131 136 91 246 157 49 125 236 211 32 212 243 19 21 229 85 204 91 88 230 67 253 117 183 50 205 56 207 165 207 206 223 89 19 171 245 224 142 169 55 209 7 237 48 211 35 56 179 60 216 57 114 147 172 138 105 254 63 93 8 8 240 240 30 35 50 23 195 93 122 159 1 23 112 160 44 155 118 24 233 213 52 52 254 68 74 110 246 196 247 211 249 161 122 125 155 81
211 185 176 218 54 51 216 150 110 80 82 204 186 47 219 4 129 214 23 49 4 201 70 81 25 131 206 108 6 71 58 151 60 93 2 169 152 137 54 52 192 15 41 225 235 227 234 179 68 139 66 221 139 77 238 230 99 25 30 191 238 40 99 191 79 82 74 228 27 156 171 33 50 153 9 232 253 95 128 158 89 74 119 9 82 166 181 187 48 129 128 24 0 20 245 213 244 1 225 143
206 90 137 189 191 20 157 183 42 143 180 141 190 182 18 149 30 45 219 35 55 149 96 172 127 51 107 58 159 64 197 116 249 250 80 244 237 188 196 153 84 82 235 113 101 221 165 180 98 238 202 143 113 207 113 78 184 131 149 51 198 227 5 158 45 32 169 135 235 18 104 247 20 114 213 25 155 189 52 151 230 9 0 88 69 207 7 21 142 225 32 150 73 165 140 1 71 145 221 7
106 96 200 86 83 116 202 101 39 128 136 66 79 70 140 127 65 89 66 217 171 243 12 41 97 163 217 40 181 180 116 32 169 104 136 179 104 40 75 36 221 196 87 244 100 172 252 56 84 142 40 245 4 256 50 22 173 181 19 177 179 7 168 146 56 43 242 19 76 109 79 212 161 167 154 188 46 240 77 118 206 157 83 118 25 162 59 80 216 188 155 76 81 175 102 57 139 132 61 22
224 137 193 150 144 191 150 79 164 11 216 130 151 159 76 236 128 238 166 234 176 26 13 15 121 179 171 179 171 15 192 35 38 136 79 218 28 8 154 116 158 220 93 74 181 33 86 249 173 209 13 122 132 17 191 89 172 84 109 144 100 162 178 123 75 91 64 219 224 187 32 183 142 66 26 126 253 59 56 80 133 175 103 112 110 139 172 12 171 112 79 87 124 145 10 87 183 116 108 169
182 73 236 227 187 151 64 241 179 12 103 247 111 31 247 110 132 109 86 180 3 12 203 1 72 2 142 245 178 112 155 8 195 73 218 190 250 81 214 249 208 153 245 193 64 116 115 165 61 250 162 162 247 0 82 91 16 8 231 247 8 108 165 239 54 76 170 95 214 26 26 108 194 203 62 110 22 97 59 58 168 41 81 158 103 89 25 110 49 255 9 166 93 112 152 188 37 84 142 168
168 187 216 68 183 96 173 195 46 129 205 144 106 240 156 130 64 164 83 144 77 66 166 169 189 64 106 205 89 55 189 58 90 177 111 176 231 43 239 41 34 84 191 129 108 189 183 158 178 60 195 100 152 228 14 162 194 245 236 27 193 99 170 215 95 178 44 112 116 131 211 35 76 211 70 220 139 37 77 174 181 50 8 94 245 163 13 168 91 176 38 123 135 250 78 14 195 241 34 136
210 147 225 53 67 185 162 60 63 193 165 197 134 121 74 17 216 141 26 85 70 120 109 215 42 132 68 219 119 213 26 116 130 18 138 160 69 177 23 251 255 165 77 22 36 120 170 168 183 166 56 156 14 94 230 254 153 31 74 137 195 244 213 41 114 156 31 164 29 85 55 0 116 132 8 200 77 192 188 101 102 44 175 117 240 33 230 199 155 84 25 147 225 240 218 3 133 219 25 65
55 105 225 213 104 135 240 166 62 1 236 152 109 171 153 20 54 120 180 176 57 117 169 108 10 145 227 235 16 241 111 43 196 93 219 179 63 55 232 250 245 233 173 211 12 242 70 132 134 141 72 78 39 172 0 116 147 62 117 24 40 50 97 86 31 145 158 2 14 37 249 29 78 0 130 226 241 238 128 31 163 133 216 239 39 251 213 159 128 219 201 82 134 104 231 54 228 13 35 2
137 25 80 146 176 174 156 193 152 105 164 26 169 69 118 108 205 191 174 13 45 140 207 88 152 231 90 228 250 165 55 239 195 175 14 26 184 218 235 138 109 2 46 248 1 106 188 99 151 47 112 59 67 186 54 18 223 142 241 69 246 87 218 237 129 201 94 93 124 157 8 227 56 1 63 230 189 237 61 250 40 26 165 35 168 6 226 74 190 193 57 176 146 225 126 129 74 3 128 75
91 155 57 242 93 106 148 47 250 102 95 241 188 12 124 72 247 237 14 83 216 7 118 210 252 97 190 40 120 75 228 172 98 78 152 35 229 256 143 42 234 159 107 24 163 7 76 96 161 176 157 255 21 15 32 49 156 86 118 7 146 64 91 119 150 256 182 219 152 130 73 246 43 5 203 115 92 2 240 19 251 84 56 196 120 75 122 17 126 15 141 212 183 159 118 78 121 76 132 10
62 71 218 240 232 147 101 170 138 47 73 176 248 255 147 173 21 93 235 100 217 112 255 171 222 65 107 252 169 25 235 211 196 246 162 17 29 205 19 130 90 18 20 79 62 138 97 13 204 49 77 20 175 94 166 183 206 13 197 21 59 126 182 7 104 105 204 156 18 130 99 198 117 176 73 172 234 34 46 218 47 91 123 119 164 49 225 49 80 81 243 35 168 249 129 135 175 210 168 24
232 147 100 134 231 79 71 34 240 162 15 161 129 145 19 20 58 185 213 147 97 67 120 132 150 136 16 55 205 174 150 213 232 12 140 68 206 30 125 228 79 92 181 249 12 78 129 7 120 176 145 251 62 143 173 223 130 40 141 61 193 37 208 139 218 220 30 91 206 186 240 21 144 126 172 232 10 212 161 131 112 235 203 224 77 191 211 45 127 137 181 74 254 11 91 91 213 60 187 26
7 199 77 227 90 109 211 13 203 230 204 190 67 61 116 165 172 70 254 221 38 27 219 17 217 83 138 54 1 237 121 35 172 51 243 48 161 24 89 114 156 250 129 254 234 213 69 255 251 198 251 185 92 85 46 175 109 198 171 100 221 185 144 146 212 169 10 63 69 73 205 236 39 4 95 244 132 36 207 234 217 0 18 80 197 59 87 23 141 192 33 55 51 116 12 120 113 206 151 27
131 51 185 125 203 225 157 176 121 43 113 85 82 187 157 236 58 110 119 64 200 201 23 176 130 246 142 152 7 32 32 79 203 153 47 221 177 57 70 7 256 118 79 235 213 231 248 211 108 155 107 42 4 149 234 61 11 94 117 192 132 241 2 207 203 138 244 121 18 60 233 151 183 41 53 105 42 176 117 184 95 84 135 106 243 149 174 169 227 163 59 87 69 246 229 63 182 74 220 159
208 105 7 240 196 172 86 108 237 83 89 98 73 151 89 15 123 165 146 42 115 89 62 78 214 232 210 45 99 252 35 82 139 48 232 223 14 99 171 241 64 196 206 195 72 230 65 203 80 240 153 247 98 151 163 90 170 216 45 249 109 220 5 240 197 101 145 69 116 105 77 190 202 34 15 167 87 41 88 186 36 231 194 60 211 105 241 49 82 42 145 251 160 33 118 80 50 101 188 170
61 169 118 45 93 195 99 167 24 44 168 156 73 176 9 186 126 17 93 114 143 135 71 12 181 77 221 22 242 62 120 26 219 106 98 83 78 107 181 216 128 195 53 78 66 48 128 232 48 189 74 111 117 178 123 71 256 231 30 205 203 91 84 164 13 60 1 171 66 22 54 130 231 103 22 254 148 3 151 213 167 129 208 81 113 18 237 191 151 30 171 48 78 183 224 62 43 242 15 237