150
96 209 124 159 2 78 145 36 191 14 98 209 206 209 142 234 207 167 206 177 47 17 134 40 96 175 32 119 93 106 203 222 204 253 239 70 7 200 13 73 192 80 247 238 72 190 125 153 236 149 53 228 11 206 135 131 150 124 234 187 209 170 29 200 180 20 66 63 48 165 244 165 217 134 208 173 222 13 116 155 188 30 15 156 97 65 237 219 159 144 136 138 33 42 161 181 207 8 133 139 162 120 166 45 153 14 244 47 63 250 134 161 5 87 126 32 19 255 172 174 132 59 4 150 62 39 219 37 220 217 110 69 8 13 190 7 148 212 143 181 12 244 187 42 226 28 137 204 67 147
190 220 168 14 136 223 88 151 117 43 5 161 48 105 10 197 53 95 150 59 65 190 221 113 149 112 183 251 171 52 42 188 68 142 254 226 52 208 69 157 100 240 26 136 183 237 75 127 136 169 162 145 179 180 93 57 21 9 179 128 92 9 169 57 166 236 214 179 190 47 159 52 91 34 78 169 161 56 123 9 172 49 240 204 146 156 211 83 19 3 186 241 239 90 219 130 165 198 96 142 0 132 225 47 57 0 182 238 136 200 238 93 154 91 100 121 74 58 63 75 105 34 113 57 206 45 111 18 132 120 53 245 193 115 251 144 45 251 66 108 6 31 128 140 254 4 111 217 61 201
11 243 147 124 226 195 83 150 81 229 243 33 209 81 188 31 112 246 143 217 210 207 211 12 244 20 92 11 146 95 4 102 64 26 209 49 88 205 11 213 123 158 89 81 36 190 217 77 239 256 157 132 35 243 18 184 225 37 61 51 160 72 178 41 204 42 189 23 150 217 106 45 204 94 108 22 175 25 87 186 142 78 197 124 250 75 194 167 182 253 76 240 121 246 103 11 213 133 14 153 196 69 100 179 112 6 72 216 214 221 214 191 61 204 219 42 213 217 253 50 233 169 66 146 19 64 76 160 81 195 119 167 1 236 44 78 107 219 194 105 201 243 133 166 57 142 107 12 244 184
181 146 113 147 223 11 243 243 250 183 14 141 142 232 120 173 11 29 236 33 157 77 169 83 144 62 76 84 146 214 250 202 236 218 200 243 232 124 131 138 112 169 83 107 82 36 114 20 32 53 96 69 252 130 8 252 154 159 173 85 29 229 93 188 209 172 67 120 143 182 18 47 168 212 129 27 156 27 190 80 191 110 238 62 9 86 63 212 216 240 37 173 20 33 94 15 234 148 179 196 39 125 18 85 217 241 136 69 87 18 129 71 160 133 169 203 214 210 10 78 239 166 212 23 253 11 159 205 16 215 242 142 133 155 29 195 125 195 48 134 140 245 213 136 132 42 34 228 19 147
31 181 72 18 252 125 218 2 51 101 58 218 3 244 182 127 249 155 225 47 56 74 128 156 123 96 222 29 24 223 42 25 4 143 133 158 51 151 95 215 165 90 10 106 161 85 2 107 69 21 249 215 245 216 175 92 190 218 100 4 116 11 41 42 151 146 12 46 247 142 157 139 39 25 156 55 93 30 210 109 32 124 149 217 2 148 66 220 43 11 108 50 4 80 189 100 151 122 187 46 79 204 247 244 71 159 44 220 239 2 221 221 255 146 133 231 192 211 95 245 132 77 207 177 80 158 89 112 30 220 60 200 1 231 76 207 195 133 44 197 65 205 197 124 17 45 129 21 46 171
81 26 61 104 226 39 51 244 83 134 144 155 178 110 44 90 90 81 167 38 228 123 105 180 50 179 192 86 256 160 43 11 104 24 49 123 120 147 204 198 24 157 46 120 6 55 26 192 121 214 189 209 115 230 109 220 138 111 83 14 178 79 20 68 102 162 155 186 119 73 135 11 1 143 166 170 178 59 28 219 250 197 137 32 186 121 149 30 211 193 223 243 119 236 137 91 193 253 128 49 236 221 127 205 148 189 242 212 42 196 79 73 229 217 215 217 208 20 187 149 46 0 126 40 73 170 253 170 10 88 68 47 55 71 24 144 50 252 104 142 57 36 56 150 189 181 157 4 189 243
138 130 147 68 92 157 83 215 2 170 219 219 197 46 243 5 42 235 99 177 7 33 254 251 129 115 147 92 9 0 19 93 121 21 151 45 46 24 146 187 193 48 158 92 40 161 214 31 210 140 40 18 85 49 249 33 231 97 244 208 52 149 82 134 250 7 233 226 2 228 189 170 168 60 45 232 125 0 100 203 33 185 126 52 29 169 180 37 240 86 250 34 256 249 50 181 197 245 174 173 114 116 213 107 169 69 121 210 90 39 77 171 4 192 83 33 68 4 202 242 180 141 99 9 0 43 0 143 80 31 146 90 194 163 205 191 197 147 132 245 256 200 93 120 250 76 91 171 189 56
117 214 97 149 205 10 13 131 211 58 2 12 254 21 244 98 82 140 89 117 231 149 5 155 150 146 104 181 63 211 135 60 12 146 170 49 22 245 190 75 139 67 250 90 234 24 109 35 120 131 153 217 116 91 239 21 162 90 174 105 198 56 52 243 190 199 65 79 77 137 130 181 66 17 103 233 231 99 91 221 55 110 106 21 18 10 44 220 221 239 97 200 121 120 173 253 175 36 85 38 226 107 100 118 186 112 0 169 6 152 37 164 249 72 85 211 144 73 177 67 52 244 40 36 214 130 230 119 143 212 12 136 246 51 181 204 54 256 106 86 174 187 160 7 29 202 77 89 110 213
95 5 62 47 96 30 35 240 226 176 155 170 47 244 40 60 221 16 192 87 133 116 6 93 168 247 241 186 69 189 227 244 233 175 182 129 16 39 226 121 96 224 66 129 78 109 240 24 166 112 224 65 87 43 164 116 175 38 89 20 169 63 93 71 7 160 203 237 141 83 130 154 160 92 175 225 170 90 109 155 1 154 34 95 108 61 81 206 72 55 122 143 221 87 217 20 76 150 254 157 119 232 10 137 208 57 234 70 254 75 243 33 186 162 94 131 26 43 219 91 231 56 208 10 221 107 182 85 85 174 6 195 255 249 4 97 38 217 164 99 72 99 151 110 99 210 239 170 235 216
152 141 99 198 39 53 156 94 256 39 0 93 168 108 15 255 209 238 16 45 230 47 21 107 29 67 201 33 205 141 16 96 52 234 226 125 13 87 127 114 13 196 197 206 51 37 50 42 49 241 22 70 237 32 245 73 224 157 172 181 113 47 168 166 15 219 184 156 149 153 17 173 66 153 184 128 208 18 160 219 197 152 15 94 49 206 53 63 221 248 159 152 95 94 122 180 212 179 81 63 233 89 179 115 161 157 113 30 10 132 0 145 238 103 26 112 148 175 107 137 155 126 202 51 195 252 160 126 104 194 205 87 95 84 18 31 30 37 4 87 13 35 215 169 110 227 131 80 104 49
229 78 120 151 232 182 174 36 249 37 174 100 159 61 48 242 175 80 0 171 66 241 58 58 134 188 201 37 183 60 198 53 124 91 11 139 1 158 49 217 23 98 53 146 108 248 122 73 34 109 201 200 58 165 96 60 29 174 121 95 76 175 218 21 59 12 227 84 156 140 226 162 7 226 162 196 10 54 45 117 101 164 23 3 50 122 47 152 131 152 50 9 191 91 152 191 58 38 192 220 65 231 155 33 69 219 120 208 191 23 204 175 235 172 231 248 77 149 8 83 151 118 198 120 15 151 227 96 103 178 24 75 85 151 61 169 96 126 183 20 154 107 30 71 228 180 250 45 20 248
230 55 34 105 85 223 106 146 129 10 233 93 34 16 72 130 40 33 15 75 3 236 252 169 115 241 87 47 49 110 11 102 82 177 41 108 62 89 248 87 184 149 237 235 166 193 36 31 189 202 89 251 207 144 49 127 36 0 170 122 172 220 190 249 34 181 126 222 179 138 14 71 110 92 106 226 26 140 98 100 19 59 86 245 127 54 179 147 150 113 2 118 187 173 150 143 49 165 27 46 252 194 240 198 190 13 147 112 226 193 177 152 39 165 114 252 153 85 120 173 87 75 237 125 118 112 92 150 222 255 146 16 18 62 210 170 64 8 37 69 142 61 70 188 112 207 183 210 138 49
18 15 78 155 205 252 171 23 199 17 35 78 70 215 14 114 215 193 7 193 251 40 13 18 225 5 213 240 240 58 62 17 219 249 53 136 121 4 163 155 27 186 76 109 108 110 206 74 7 38 237 49 52 103 164 148 29 195 180 226 159 45 204 7 39 164 256 117 118 45 62 96 113 235 11 210 224 40 224 71 255 128 109 47 64 250 28 176 256 146 131 143 255 75 109 82 106 185 47 150 74 72 96 193 143 82 182 234 206 108 203 20 203 72 242 146 147 227 65 61 125 226 8 106 176 76 161 138 42 62 98 100 166 51 36 48 249 161 82 204 11 168 255 69 113 143 136 245 124 48
137 171 245 121 149 57 171 74 175 61 66 152 21 75 218 124 138 58 80 88 198 92 54 243 207 220 58 121 5 27 195 61 229 58 62 155 4 55 147 152 133 21 132 198 79 35 143 244 84 167 177 126 49 237 39 146 75 247 43 191 181 15 191 131 187 139 251 108 188 118 68 141 87 223 51 131 58 152 179 245 48 179 0 178 196 20 174 125 203 139 98 39 209 13 103 250 74 153 172 252 214 192 139 50 56 254 94 82 39 183 185 192 158 184 75 205 216 159 189 253 168 143 49 64 92 73 69 70 201 105 256 148 92 167 73 141 256 91 245 221 34 33 191 0 167 66 176 94 246 148
117 17 26 38 177 170 123 94 78 222 23 35 88 50 81 103 166 153 158 119 67 196 203 250 109 223 111 23 38 145 59 175 84 128 44 163 77 150 145 79 181 201 38 256 106 25 55 256 62 122 174 156 58 114 99 226 245 218 18 232 220 26 10 34 6 255 33 142 84 66 43 21 13 121 151 242 230 230 209 158 36 219 28 219 203 165 116 162 195 221 189 107 150 18 0 142 34 46 5 240 65 181 141 58 217 71 61 55 54 125 118 237 221 65 94 202 127 1 43 48 250 5 233 134 45 118 91 24 90 224 176 45 143 184 8 251 219 114 108 143 132 77 27 45 98 21 234 159 126 256
124 97 32 92 97 195 26 202 172 167 113 75 226 72 240 125 222 80 33 27 185 178 71 209 8 57 239 111 152 246 115 132 94 222 85 199 59 229 221 104 149 9 226 226 247 43 77 33 35 179 97 164 232 148 155 0 78 179 21 3 127 227 102 151 61 169 179 124 7 227 222 90 107 102 197 201 81 223 130 195 153 73 250 186 223 187 246 222 51 50 246 115 132 229 54 59 246 148 75 205 38 21 94 120 33 232 189 0 231 94 38 250 71 249 138 152 237 216 59 185 101 43 55 19 219 13 8 25 72 101 55 125 97 208 27 60 0 254 166 176 234 16 117 30 165 175 149 218 195 186
252 213 6 79 203 248 253 61 157 83 104 245 252 28 44 85 252 228 143 115 3 138 94 250 79 160 198 10 113 248 73 215 248 151 42 149 206 248 195 236 42 237 190 184 223 185 30 107 138 132 139 230 101 2 217 162 212 180 187 82 35 45 213 184 158 50 3 163 249 12 239 217 229 229 147 38 152 122 170 36 10 155 70 228 83 206 42 31 142 202 110 190 76 178 167 15 190 116 225 208 153 86 177 146 100 44 3 45 16 120 168 30 74 230 99 185 137 173 127 150 204 141 184 145 161 190 160 136 190 215 1 159 242 68 190 249 193 56 16 211 225 179 204 255 46 207 219 137 65 65
15 175 254 201 145 116 253 96 196 171 103 255 183 173 153 144 169 29 112 212 18 20 47 129 230 49 89 97 144 245 105 42 80 233 123 253 80 87 115 145 140 17 79 119 54 136 187 92 220 250 233 78 139 251 175 0 66 103 117 252 200 23 203 28 43 61 225 165 103 155 84 218 156 182 104 191 49 221 173 35 148 125 186 64 98 200 249 143 17 232 168 149 34 120 30 56 254 180 5 118 51 125 100 17 14 27 145 153 187 36 241 129 164 79 110 193 160 150 176 117 238 29 134 252 193 140 158 188 205 27 148 132 159 91 89 116 106 27 31 58 92 20 125 5 188 255 58 159 187 240
162 133 39 31 244 215 131 72 213 37 239 178 94 144 228 185 64 62 249 214 70 223 87 87 170 194 44 149 140 37 22 58 38 191 213 56 209 24 125 209 18 51 187 242 219 3 135 234 161 229 76 168 160 144 45 99 11 239 124 1 105 29 227 154 249 129 144 202 92 154 170 102 140 101 148 155 43 145 88 50 244 68 78 183 239 210 71 168 239 144 85 203 148 221 86 121 250 151 24 143 193 96 19 114 186 172 218 112 148 31 53 8 56 193 138 223 203 248 194 118 1 181 130 220 72 143 218 252 70 185 29 122 101 157 151 208 151 184 27 235 179 9 0 223 128 189 192 32 197 210
152 186 187 220 71 166 212 255 44 133 170 219 38 184 231 203 96 160 81 128 38 145 224 78 245 197 196 214 176 127 5 166 9 238 45 216 113 158 203 235 245 13 180 153 41 146 16 199 213 127 159 19 167 164 249 224 94 37 184 164 190 94 243 240 66 215 151 190 213 113 232 120 225 133 188 185 253 73 147 160 97 59 210 4 202 134 107 144 49 104 64 86 98 17 118 89 148 13 16 222 124 21 8 110 108 54 205 254 238 80 145 166 216 132 36 79 189 231 61 224 237 98 70 76 3 154 103 40 118 186 145 118 190 215 110 108 21 222 134 99 150 8 125 51 88 111 24 92 8 31
17 93 43 165 76 67 225 244 194 134 98 9 178 183 200 63 133 210 69 134 237 118 43 23 187 254 27 211 14 216 164 229 180 124 192 54 222 157 183 135 6 249 141 228 187 1 133 243 129 232 44 219 245 62 126 203 210 22 248 108 53 23 157 24 119 74 169 182 55 60 40 39 150 238 144 9 248 95 204 36 253 130 185 146 101 114 154 205 39 172 79 33 87 238 58 242 201 92 125 100 251 109 163 227 70 3 24 13 161 79 217 17 138 247 199 202 231 230 176 87 159 104 14 227 168 22 177 65 252 207 206 214 72 146 183 36 232 101 134 100 176 238 63 13 40 130 221 43 112 33
65 207 134 16 225 206 28 164 143 67 90 67 251 164 235 151 22 96 50 103 88 2 102 199 246 214 69 31 237 160 146 99 30 110 207 228 67 224 228 250 30 141 6 150 235 99 23 232 67 105 222 247 119 79 64 138 31 24 203 180 148 30 191 46 82 147 51 245 215 173 110 44 179 251 216 12 195 97 43 35 167 172 242 83 62 94 147 210 40 181 253 206 208 181 100 138 37 184 22 31 75 130 242 152 6 94 39 21 115 43 45 165 182 106 28 72 96 136 110 62 155 77 170 195 246 175 224 245 132 166 248 119 12 156 67 73 225 66 106 14 57 162 23 76 55 139 48 219 49 217
142 17 155 49 141 199 247 66 27 187 232 100 75 185 72 247 175 110 130 248 137 178 21 110 186 166 32 178 3 238 239 137 232 79 140 164 166 198 67 29 214 143 117 247 145 97 237 179 89 242 234 30 221 75 109 122 38 111 212 122 172 30 33 214 101 54 247 160 246 98 155 0 41 138 46 37 191 230 220 89 63 211 119 239 103 246 44 48 247 36 32 59 156 248 88 116 120 210 221 138 251 165 114 234 241 172 32 237 183 103 92 177 93 227 107 111 3 102 236 100 54 120 248 172 254 10 199 171 214 22 20 42 133 81 132 132 156 100 120 105 237 135 175 34 253 109 9 63 111 40
114 25 150 84 187 26 19 120 35 37 93 15 63 23 73 150 164 167 170 80 185 206 241 31 33 116 92 97 42 101 1 72 214 96 160 115 252 198 104 169 143 40 102 36 79 87 217 72 184 69 57 210 206 116 210 170 0 88 160 155 2 119 54 112 40 144 168 21 233 102 251 194 0 109 71 52 119 89 157 69 207 123 249 15 230 188 11 72 105 224 42 186 140 24 108 23 158 141 19 144 38 180 96 161 118 169 125 232 238 202 187 163 50 176 80 119 140 29 87 10 182 103 123 130 204 44 24 176 186 253 71 179 140 162 75 247 181 234 84 34 134 17 235 126 86 92 243 58 244 31
225 72 103 238 99 71 241 132 60 210 147 34 46 220 255 232 117 47 0 39 213 231 77 240 250 98 30 20 39 5 227 243 44 145 60 210 115 197 120 223 78 202 157 249 183 72 174 124 81 74 130 177 175 220 87 198 215 133 185 97 223 193 133 21 110 200 47 95 100 5 46 170 232 159 159 197 3 218 98 181 228 68 172 0 256 212 99 191 81 118 127 1 223 60 201 105 72 74 226 24 81 178 165 144 187 139 28 118 79 182 168 151 125 255 39 34 170 252 19 157 223 15 59 118 82 40 133 21 5 199 51 216 3 50 244 62 55 38 23 217 54 98 118 180 180 135 216 203 189 240
120 61 136 211 35 231 120 3 69 37 224 134 194 197 42 92 251 91 53 224 49 0 31 204 67 223 213 88 247 6 202 122 149 98 138 133 88 153 144 91 239 132 114 177 43 122 11 158 204 230 23 210 86 111 25 214 17 242 126 223 205 100 203 82 164 138 143 109 100 85 240 244 116 182 27 142 76 203 18 32 232 193 14 188 218 104 105 240 192 213 47 221 109 195 199 31 227 179 180 182 252 163 216 219 148 150 175 0 121 59 155 129 225 172 136 35 53 139 1 112 38 239 238 38 40 55 181 151 241 135 199 87 236 51 134 232 157 243 222 178 170 144 64 210 17 142 235 217 149 42
242 158 127 245 109 70 166 137 123 249 256 172 146 229 211 47 77 255 189 152 41 192 193 160 214 213 9 27 73 217 117 96 132 137 249 217 45 94 148 42 6 100 9 60 181 117 253 85 251 235 238 26 18 37 140 10 12 60 161 250 219 47 13 174 238 151 112 43 22 149 175 242 230 248 252 11 167 198 132 155 127 184 63 208 250 84 166 51 26 39 151 187 151 88 112 253 160 96 115 207 175 41 69 144 51 121 245 15 27 22 113 37 180 235 155 229 49 108 86 216 150 194 75 100 133 256 101 252 172 93 159 81 112 125 80 162 143 207 81 15 180 200 251 68 19 156 69 243 226 185
81 186 22 11 164 91 122 82 97 138 163 240 154 58 177 87 237 226 142 136 176 214 157 2 243 244 94 141 47 134 228 167 245 182 121 85 214 152 255 226 25 133 121 43 127 184 70 165 173 107 170 72 230 51 146 101 116 114 240 37 108 78 206 63 241 79 215 2 209 248 17 204 90 215 53 210 96 31 104 194 39 208 117 164 112 176 201 193 18 10 69 121 130 83 196 215 73 250 51 82 108 147 170 154 129 176 230 176 58 65 254 235 99 182 42 27 119 172 25 222 48 214 255 211 86 15 63 116 123 158 95 251 230 248 28 45 90 52 28 51 5 160 69 170 151 140 61 192 30 7
133 139 220 114 15 70 16 156 92 158 89 9 124 153 256 223 108 65 49 132 143 256 201 130 27 212 175 165 173 179 165 17 103 217 93 123 213 167 238 232 225 31 142 129 256 50 173 169 113 61 44 80 11 59 173 77 76 193 82 234 153 108 39 2 18 142 120 231 179 108 195 184 65 186 94 211 121 197 244 74 134 33 214 178 90 4 246 173 252 55 4 132 29 216 3 24 167 235 96 66 11 168 122 66 11 98 126 106 201 246 187 73 178 65 139 186 151 210 59 101 180 35 245 249 143 2 10 58 190 141 31 89 208 106 202 135 239 139 94 185 0 209 248 223 222 140 89 98 253 170
54 249 23 191 236 231 25 145 72 108 130 7 72 116 239 132 19 198 173 226 71 9 109 55 17 122 217 41 119 88 41 232 124 79 71 126 135 141 34 248 182 60 143 122 213 91 186 160 114 174 130 132 10 184 122 25 253 250 84 99 56 135 68 142 3 67 80 71 233 231 17 1 71 53 59 195 92 252 86 115 171 245 98 1 105 237 109 193 96 83 25 196 131 169 235 184 103 169 67 178 204 86 17 245 176 159 200 18 99 69 139 171 233 167 70 127 143 5 188 244 123 232 37 71 209 196 69 127 74 210 25 37 76 183 102 31 228 170 164 240 71 67 100 153 211 84 244 0 200 200
77 5 110 24 136 252 25 97 129 137 252 48 107 90 206 215 200 85 74 83 17 152 152 52 96 162 215 216 206 106 174 118 196 104 80 98 44 12 16 39 13 34 186 25 184 98 4 6 250 68 116 142 16 92 179 21 162 74 114 226 92 172 244 152 252 96 205 150 189 194 134 252 189 195 55 158 157 246 249 95 93 82 6 183 190 35 71 14 204 52 80 174 211 101 50 168 245 89 190 232 90 41 145 216 133 154 60 142 154 198 202 118 13 35 149 166 35 235 145 40 4 169 165 190 214 107 232 157 5 223 120 153 224 72 38 172 244 244 224 52 66 81 105 143 52 106 245 6 27 163
216 39 81 233 221 223 199 106 111 234 6 127 85 151 243 84 70 156 95 169 169 22 6 16 192 8 229 98 206 117 82 245 166 32 220 137 44 246 105 13 228 108 156 168 70 165 11 161 241 3 40 153 246 164 114 235 37 134 1 4 84 191 132 141 81 77 196 1 167 111 68 209 150 237 129 0 131 7 99 102 128 252 180 242 53 256 216 199 45 182 256 63 189 101 210 91 180 188 84 143 78 138 182 50 93 239 256 4 148 182 164 231 8 222 208 61 235 181 235 117 130 36 95 47 197 126 220 108 27 154 132 231 4 159 89 129 60 240 111 112 39 248 115 246 14 234 152 177 167 79
183 91 249 230 106 112 209 151 212 239 167 149 109 225 97 173 174 85 56 62 208 104 26 251 140 47 22 89 132 81 88 29 196 103 171 205 236 52 0 81 34 238 166 132 113 77 152 145 124 201 79 49 37 17 59 148 81 193 75 30 124 254 8 181 39 41 229 243 192 193 105 143 207 88 152 36 100 105 240 36 71 12 43 106 4 128 122 209 168 19 108 107 151 136 19 21 13 60 146 39 44 207 161 245 135 192 94 79 195 246 135 91 37 51 0 181 180 71 73 48 178 141 108 216 130 169 164 74 88 37 249 129 63 92 38 225 105 241 250 136 229 225 248 106 191 70 162 211 12 234
151 17 88 216 170 26 224 14 118 118 86 161 30 245 132 42 60 184 186 71 253 74 12 151 165 28 126 86 117 56 184 219 69 196 117 47 127 110 0 174 67 70 95 159 215 31 234 232 152 9 35 248 70 90 140 243 62 16 199 129 226 94 185 208 72 201 202 16 192 221 89 159 144 218 202 168 27 9 99 14 153 49 71 90 191 170 49 86 138 44 61 149 171 220 136 251 177 157 65 207 204 6 83 62 6 26 56 92 48 104 235 205 107 87 155 89 32 107 89 92 227 8 76 72 199 207 101 50 225 57 30 2 22 18 101 170 250 5 250 138 132 28 224 244 15 36 91 104 251 225
152 223 89 228 132 71 94 198 82 215 133 203 223 208 87 13 123 105 84 105 93 21 202 116 211 20 213 90 151 160 23 88 223 178 134 127 42 178 181 59 190 149 130 214 47 80 42 200 143 104 71 80 203 216 73 20 146 151 154 56 81 86 136 98 211 238 202 134 182 26 164 46 83 140 198 244 85 243 47 155 64 163 237 200 154 82 32 191 161 150 49 64 10 89 103 132 122 45 171 26 71 33 1 117 110 250 53 256 27 206 249 218 198 198 249 66 76 206 56 254 226 235 82 226 186 8 50 69 149 199 203 239 2 117 94 97 106 93 3 60 55 159 128 51 45 109 41 201 20 140
249 3 244 61 71 108 24 171 6 138 80 171 244 219 121 23 73 42 159 235 213 113 243 54 100 57 201 146 76 72 57 144 117 226 151 61 166 248 150 94 197 4 246 224 17 85 234 21 238 228 219 52 112 230 101 240 120 73 206 159 27 138 191 197 68 195 24 46 211 50 97 61 108 84 189 53 102 39 115 73 136 217 29 214 173 83 78 46 7 196 155 14 199 239 56 163 146 160 18 235 176 83 160 50 81 187 46 11 44 179 154 219 29 126 238 228 18 84 214 7 209 160 168 134 134 128 108 88 98 119 71 128 157 116 61 113 218 90 186 37 128 159 2 168 29 48 4 121 255 25
117 101 104 252 126 110 239 80 233 17 31 252 166 13 93 87 62 150 224 124 137 255 186 56 210 236 251 82 28 210 44 161 86 53 203 68 149 42 100 214 60 211 76 76 105 21 182 244 180 215 121 249 6 91 254 144 37 106 256 220 182 25 100 78 65 185 33 85 61 160 30 86 40 172 69 142 244 247 190 31 189 126 101 205 254 176 225 199 256 43 117 119 182 96 29 8 38 159 89 158 254 172 174 129 83 238 227 173 201 59 215 146 147 127 256 13 186 48 211 156 92 76 240 29 143 250 246 49 203 237 12 191 192 186 197 160 138 221 82 192 94 135 95 21 234 41 58 103 68 41
100 66 68 46 158 39 189 58 221 93 155 144 155 253 130 7 14 33 159 175 72 201 8 161 5 217 125 174 34 163 99 100 127 246 6 99 158 235 156 36 124 198 168 218 147 153 169 174 175 162 189 77 228 249 99 110 126 23 24 69 203 233 190 154 184 167 47 220 239 256 208 99 28 220 23 183 59 33 83 111 72 211 26 0 46 43 251 4 116 21 240 51 0 219 141 199 213 0 82 66 184 105 30 179 67 247 123 22 192 39 166 62 146 156 234 227 62 15 55 51 64 229 85 147 139 206 14 94 32 192 34 185 195 156 195 164 181 173 234 163 129 253 174 50 109 138 11 9 2 81
253 47 145 197 28 0 200 237 27 45 98 135 28 256 205 89 218 113 59 147 148 39 254 92 216 164 157 145 124 176 178 223 183 187 17 151 53 12 14 194 49 40 232 83 139 221 40 172 91 191 248 67 68 94 204 172 247 127 152 248 120 245 218 125 215 67 111 187 3 229 119 237 212 241 48 203 35 5 206 87 216 240 77 83 187 149 138 70 78 62 33 157 223 65 192 234 242 82 10 57 156 147 168 7 4 189 37 1 191 124 255 128 12 209 54 176 102 165 105 251 162 33 245 110 107 221 134 36 64 139 253 36 193 126 29 1 101 197 0 12 77 51 216 155 54 98 229 0 141 88
84 213 170 251 159 39 9 65 85 207 227 200 163 194 30 39 230 156 101 39 71 229 206 54 97 113 3 229 218 82 141 46 179 33 116 249 156 185 86 249 128 187 160 4 209 248 168 122 77 184 240 68 10 221 31 185 21 41 68 122 76 252 228 47 16 100 186 144 254 213 147 108 9 41 219 179 247 52 109 40 53 16 51 59 207 96 62 225 195 65 56 225 205 51 22 22 100 1 186 72 243 187 42 67 22 203 120 132 159 217 196 128 208 31 181 211 223 31 179 66 213 82 84 95 203 93 221 110 189 52 64 177 240 111 58 224 29 95 182 56 198 247 172 114 203 243 187 245 12 41
41 149 241 224 236 206 174 239 146 244 30 22 233 91 238 27 1 82 138 126 33 172 91 57 41 157 18 146 230 30 223 29 104 29 185 235 76 252 219 221 254 209 158 40 16 35 88 103 234 48 170 163 143 57 31 115 72 186 95 219 176 123 255 55 143 36 102 5 248 36 139 236 254 18 246 135 12 91 180 120 108 45 157 43 163 116 120 144 114 146 18 203 222 23 134 220 180 198 199 6 106 112 143 118 198 233 156 132 229 27 94 253 167 41 228 88 50 212 141 131 17 123 161 11 138 70 197 22 199 44 177 74 141 230 146 200 193 18 41 54 244 38 94 61 105 207 253 163 23 181
175 256 23 156 237 147 61 97 24 174 32 7 31 199 160 239 177 178 111 186 252 107 254 32 230 73 100 238 104 177 235 20 39 52 53 207 220 69 245 82 203 63 6 243 55 93 223 54 98 77 202 59 186 220 47 157 189 78 64 155 255 232 57 104 56 177 0 40 131 199 61 74 245 141 222 66 12 196 175 239 44 136 0 223 249 218 167 13 53 110 20 168 119 80 77 207 34 192 244 155 240 3 244 241 169 197 186 64 126 141 111 118 169 184 88 244 21 17 10 132 130 255 202 195 180 179 174 147 71 181 87 140 11 245 203 193 76 87 218 154 35 142 8 177 71 127 73 76 7 102
139 102 25 80 59 229 45 205 187 150 80 175 205 30 203 12 121 177 97 34 234 232 81 84 249 202 238 178 141 117 112 21 195 232 171 28 25 118 231 195 150 214 31 202 81 88 190 181 200 22 70 10 81 185 27 221 228 139 136 98 232 4 34 212 200 14 32 33 251 20 149 190 124 6 144 33 123 82 55 159 85 203 81 215 161 97 55 59 238 54 91 238 19 199 98 61 211 215 57 225 124 1 58 200 252 163 225 196 168 9 39 202 71 58 69 53 8 19 114 75 6 16 230 99 67 45 94 148 18 217 217 125 82 7 198 36 50 173 77 140 50 73 186 34 232 0 28 8 57 182
236 71 107 115 123 120 75 152 121 10 103 79 241 212 139 66 84 112 68 72 94 220 211 212 71 234 162 217 255 122 157 120 73 253 20 46 255 132 7 72 61 235 108 112 239 179 100 57 62 147 186 119 107 43 83 158 8 169 252 35 193 16 19 193 89 182 94 176 223 123 160 41 50 256 143 76 224 43 252 203 222 117 254 33 205 44 29 131 4 158 218 26 193 45 177 206 46 182 169 256 111 5 206 196 26 224 241 94 77 221 44 24 154 63 213 226 243 237 148 171 65 165 180 96 74 187 255 152 81 237 221 74 84 236 175 228 16 178 77 84 18 142 76 7 135 31 183 194 192 9
124 179 45 98 19 216 83 206 35 195 177 195 172 182 126 124 34 7 76 170 120 251 18 45 78 22 61 210 118 57 240 27 91 6 152 52 174 99 13 81 95 25 31 174 213 159 33 224 174 118 32 247 170 224 49 133 155 251 204 188 169 70 221 22 245 112 143 73 200 252 59 125 178 49 138 191 95 159 44 36 253 153 68 216 123 138 82 79 150 133 227 232 23 15 125 121 43 226 153 55 93 2 161 87 83 84 201 220 64 226 3 53 53 2 172 26 51 11 17 112 42 61 254 75 106 201 28 116 138 220 88 30 160 212 252 154 233 79 157 119 90 147 33 16 123 34 212 57 74 154
243 158 147 55 159 66 114 107 43 58 122 123 256 164 194 19 116 219 208 166 145 152 98 215 102 74 147 158 167 212 92 121 209 39 109 178 230 70 120 56 107 204 150 182 14 188 109 76 76 110 90 141 50 209 147 34 220 119 171 13 55 223 192 158 121 12 85 20 8 14 156 91 76 142 81 23 78 51 101 134 50 5 130 150 46 117 251 33 147 119 25 104 188 170 177 170 37 194 95 160 185 11 27 155 232 180 192 2 154 76 75 202 33 30 241 103 222 22 38 116 43 39 150 78 35 29 67 154 226 105 117 65 56 32 204 81 10 237 244 179 22 207 212 65 23 198 15 22 121 187
197 183 150 8 166 83 94 106 72 148 246 5 153 151 66 63 142 91 66 179 162 105 14 212 174 115 96 29 171 188 51 168 37 75 228 112 115 146 66 149 219 237 167 67 182 121 237 248 242 217 110 205 141 80 3 241 228 6 160 127 13 241 20 84 87 166 198 170 155 30 129 151 40 107 188 154 189 227 116 250 55 223 174 200 18 186 121 248 45 89 238 76 174 164 187 202 242 86 140 146 19 108 121 166 95 1 147 6 24 226 188 42 122 151 149 147 230 85 188 150 27 221 170 60 68 144 7 194 18 101 232 245 163 30 0 74 153 180 101 195 56 37 80 77 146 141 113 117 72 144
40 170 86 115 112 126 9 123 220 195 29 190 236 170 70 112 136 107 105 149 234 85 28 207 116 97 215 215 72 74 103 44 57 168 152 140 48 209 57 167 39 26 11 191 223 8 97 58 60 203 159 241 224 134 132 47 21 55 61 132 44 84 107 181 5 37 205 58 249 95 106 247 39 19 69 94 86 242 145 227 208 23 209 219 63 39 29 146 233 253 81 13 148 192 197 229 222 173 71 41 224 28 136 136 4 201 229 108 208 146 213 74 252 233 2 151 144 5 134 133 233 215 74 27 133 137 2 101 199 116 53 12 183 201 29 83 182 10 119 98 138 87 2 199 35 113 4 251 21 211
158 52 177 48 4 182 0 39 86 247 128 210 48 208 22 173 36 228 186 162 107 15 58 116 84 1 150 182 221 60 148 192 203 38 143 224 185 164 253 168 129 67 68 130 33 179 211 183 233 161 217 243 136 108 157 219 240 209 11 49 112 80 237 19 231 193 153 114 175 231 10 168 163 156 129 3 240 130 223 89 222 81 43 196 56 32 146 153 52 128 42 32 255 172 91 168 54 217 8 18 144 98 173 57 43 151 126 85 202 140 45 196 21 168 101 236 118 18 89 73 251 58 190 256 13 200 155 229 196 111 20 59 174 116 168 2 82 84 256 238 145 169 99 88 62 11 28 79 147 26
18 229 156 167 72 129 63 42 69 172 234 202 162 134 5 230 33 32 92 33 89 143 207 98 118 126 224 107 35 208 86 38 85 246 141 167 175 68 160 17 144 30 37 113 36 165 86 118 82 78 31 92 211 95 164 28 131 15 200 219 57 136 227 247 121 188 24 44 41 134 218 144 105 67 97 46 18 190 209 117 47 45 5 81 138 41 255 227 127 127 173 78 54 213 242 120 180 224 164 122 191 6 244 162 36 188 108 245 205 74 59 219 28 170 133 90 90 6 238 240 249 99 29 194 51 207 29 27 107 227 10 161 207 250 113 77 166 122 19 105 156 130 122 236 56 141 93 43 159 134
158 126 213 232 203 18 225 73 204 57 239 78 80 114 43 159 70 64 201 201 234 123 235 67 202 179 110 90 94 211 76 82 116 58 111 128 225 222 205 110 26 72 85 173 18 72 150 143 5 20 146 126 221 224 113 214 221 20 57 163 50 145 211 139 106 135 205 31 28 180 102 221 237 215 212 141 75 59 162 56 76 233 59 191 28 200 226 54 27 9 56 201 146 253 117 213 98 115 11 241 166 234 165 95 108 172 157 246 237 222 122 71 19 220 239 31 173 184 117 167 53 93 217 111 88 206 156 20 125 52 242 239 69 68 15 106 47 111 3 234 41 197 51 190 203 62 218 106 87 114
253 57 22 180 63 173 116 172 235 94 238 74 134 115 100 185 187 165 223 236 3 203 23 97 98 103 44 26 124 130 117 36 82 14 247 139 232 87 223 227 89 117 5 138 27 147 122 38 9 246 154 176 198 148 137 206 69 122 28 44 227 178 196 32 172 37 149 106 75 200 102 109 104 180 192 16 138 122 126 127 223 69 205 128 211 81 179 232 179 58 119 125 147 106 69 110 29 56 201 202 197 247 225 210 226 13 62 200 250 148 74 33 43 29 154 218 69 206 168 237 70 66 206 121 211 139 31 84 154 210 112 106 84 154 156 21 144 192 122 92 57 106 250 28 40 128 178 243 114 158
253 148 128 21 16 16 223 70 74 184 16 149 43 208 95 166 210 13 175 89 193 97 10 18 125 13 209 16 236 196 176 36 54 59 215 208 254 85 110 4 172 0 141 68 215 255 251 177 70 159 65 153 255 201 28 142 224 56 224 204 40 61 35 7 95 219 221 201 5 89 101 91 60 48 189 57 222 224 128 0 128 104 104 100 193 41 79 98 230 23 143 126 69 22 16 151 86 185 36 123 166 162 111 29 85 52 51 13 194 94 210 231 95 255 110 207 141 114 252 114 203 73 27 116 231 232 214 249 146 47 165 95 190 126 109 96 130 101 146 83 219 124 180 193 101 14 237 190 248 157
204 237 227 113 58 101 35 236 184 187 183 171 209 229 17 3 240 186 142 142 37 226 21 144 81 39 177 81 148 116 71 222 2 208 153 85 150 124 44 55 117 87 3 117 170 189 15 248 0 208 107 255 175 136 195 40 36 9 92 239 24 138 230 145 222 179 161 89 20 52 106 45 50 62 241 62 48 120 74 35 147 242 166 214 121 213 209 157 44 102 166 32 150 182 50 221 170 247 96 240 190 143 87 51 67 112 177 119 175 47 251 66 28 32 168 236 12 157 83 11 113 46 242 37 107 166 130 65 159 41 9 77 113 63 65 38 82 112 217 239 62 205 34 125 19 46 11 150 8 28
21 22 65 22 226 105 239 56 159 77 112 60 245 145 17 166 127 58 160 174 43 217 107 123 216 211 39 90 52 105 138 81 189 230 112 43 82 251 137 115 186 155 53 37 111 205 68 244 149 187 166 68 208 4 95 198 235 39 59 225 226 138 178 185 204 121 35 40 3 89 210 221 134 170 234 169 164 162 183 102 56 19 50 1 206 56 109 12 203 145 46 188 226 115 55 210 38 180 56 209 229 156 19 12 79 87 175 75 22 241 49 45 188 107 13 30 139 66 236 190 89 132 84 175 4 117 108 84 7 150 117 140 53 211 226 143 11 241 134 213 128 117 170 36 97 102 247 247 157 170
88 176 249 121 78 252 205 88 116 198 248 135 136 169 52 184 47 26 164 219 27 128 234 227 130 199 17 0 114 163 75 78 221 52 23 29 252 183 253 34 157 87 24 97 123 38 73 114 246 23 23 181 217 185 234 6 126 101 185 224 156 70 44 242 45 196 246 3 73 44 176 96 21 71 149 247 191 82 145 92 46 2 6 208 35 165 184 241 252 85 102 3 116 11 121 105 50 80 99 20 203 210 247 203 69 100 242 252 79 126 61 250 249 57 176 75 98 60 210 152 47 161 196 148 184 17 139 177 91 242 134 181 205 17 116 192 205 43 256 86 32 121 201 104 235 110 207 58 23 93
139 126 111 27 207 198 207 242 216 99 135 165 254 161 27 124 89 165 150 204 181 100 91 119 104 215 256 190 48 149 48 66 193 213 96 224 66 127 25 154 5 9 102 67 240 52 7 37 156 30 122 16 237 110 46 29 82 185 228 116 186 200 247 116 191 151 163 12 251 229 58 235 45 15 89 173 155 186 29 186 192 111 98 24 27 26 107 37 48 138 140 187 133 181 61 14 98 10 160 108 122 144 221 193 85 22 143 174 2 137 231 182 158 238 58 21 54 25 187 6 40 160 163 32 9 129 229 106 208 210 39 173 25 126 191 77 55 167 82 131 174 158 239 236 29 182 121 211 216 254
70 234 65 256 66 177 219 101 25 218 127 234 198 119 190 139 76 55 219 9 243 109 68 110 239 63 223 143 126 163 178 239 193 42 141 156 233 9 215 171 236 216 132 44 155 118 234 101 85 10 1 53 188 185 230 185 182 190 225 239 103 142 58 191 11 209 155 169 50 171 246 18 190 32 81 107 38 159 63 86 86 143 53 115 170 170 194 106 67 167 154 44 13 125 182 150 144 34 94 219 235 117 163 133 101 243 35 144 223 114 123 227 252 124 154 15 161 67 5 92 97 94 174 171 6 200 155 229 209 119 6 177 115 173 205 152 23 60 126 167 163 198 234 194 41 188 207 81 53 199
102 115 117 51 90 75 127 230 189 158 220 51 156 190 165 64 52 191 89 161 57 138 168 224 165 16 7 94 222 79 175 14 245 95 0 221 172 144 67 70 184 72 43 125 237 222 21 134 84 86 135 191 62 246 30 225 16 99 168 99 195 135 94 197 226 250 28 206 42 11 165 219 238 168 196 212 185 166 250 150 63 178 134 66 172 119 73 156 163 236 39 186 167 155 38 65 216 116 76 113 17 18 47 68 31 24 63 220 180 72 71 38 113 184 227 93 135 214 46 82 248 41 69 133 174 148 251 24 154 14 195 63 105 87 12 158 251 246 66 128 241 4 42 223 159 119 173 166 224 233
249 7 13 252 197 223 54 246 136 86 47 199 219 233 104 220 90 241 75 31 141 233 101 203 156 17 108 242 203 238 227 231 79 32 69 59 71 7 231 63 144 124 109 170 29 199 144 183 204 241 164 211 25 40 243 1 40 192 183 42 150 127 180 246 95 93 50 66 247 97 236 31 175 171 58 53 65 9 50 249 71 185 252 256 185 107 36 179 204 83 107 77 233 235 71 233 210 159 73 256 158 61 233 3 208 182 152 28 237 16 224 49 139 57 2 194 239 119 64 149 1 202 8 2 21 230 21 128 8 72 175 216 193 168 254 42 87 241 146 11 83 121 187 3 256 152 196 35 171 82
38 14 117 0 88 38 97 171 3 145 38 46 9 141 49 235 17 13 151 145 192 174 28 243 239 107 190 108 131 97 202 138 13 59 234 173 226 44 251 220 117 61 86 24 34 228 62 159 31 171 144 119 34 137 71 35 5 43 92 46 232 145 147 6 138 104 203 198 119 123 50 139 176 172 110 23 145 171 45 35 174 87 214 208 94 32 32 139 143 167 77 117 209 194 189 165 14 247 160 129 221 64 129 14 53 4 161 103 125 163 87 99 11 74 21 254 163 190 170 91 121 146 29 90 204 195 48 67 104 60 65 35 81 176 216 55 173 200 200 168 65 184 40 155 175 202 189 58 36 97
98 244 254 144 186 145 235 135 43 172 138 178 48 104 76 205 216 142 126 161 17 71 151 19 140 68 202 89 147 40 122 106 130 1 61 21 128 54 229 101 102 94 20 32 123 138 112 33 75 72 166 181 179 73 190 172 119 122 13 100 168 230 35 24 19 50 178 218 20 23 98 191 115 159 81 134 120 188 142 159 9 44 172 212 1 180 225 182 65 187 130 115 173 14 85 70 205 109 217 224 141 170 83 209 4 181 5 81 148 41 113 234 99 151 107 232 5 48 82 205 232 30 228 12 24 207 245 118 204 205 64 195 106 95 155 64 13 88 231 137 19 72 234 29 38 73 80 182 217 160
209 188 70 166 196 72 58 151 63 186 140 190 249 236 27 10 131 93 227 235 168 230 220 10 205 120 213 177 230 28 177 84 201 89 25 249 28 135 107 29 118 22 71 33 54 145 149 65 234 158 92 154 48 112 205 236 110 244 139 11 245 214 29 61 166 226 172 238 107 110 208 163 30 250 152 139 105 90 32 112 224 59 35 108 228 195 44 203 247 78 141 90 89 125 127 28 186 178 160 113 54 2 252 173 215 128 221 146 129 157 20 163 217 127 1 109 41 249 246 159 194 123 168 1 105 215 125 111 4 158 53 23 94 175 136 166 145 81 3 64 218 51 256 144 62 105 86 14 115 176
243 224 150 52 212 91 188 238 151 147 86 25 106 226 175 107 106 165 153 44 144 198 83 244 96 4 12 173 70 161 101 249 131 224 139 168 152 144 66 182 84 132 9 206 246 187 229 139 139 6 34 41 27 253 54 44 9 91 123 147 235 43 247 59 109 217 70 188 177 168 89 200 109 3 16 229 246 91 31 60 106 252 176 117 2 166 134 144 151 57 247 246 20 212 69 146 226 42 84 8 39 230 13 217 188 29 183 241 216 55 117 116 122 89 8 113 15 195 84 73 85 255 56 29 38 139 65 2 197 147 13 54 147 203 169 148 157 95 123 175 154 90 164 122 238 241 165 98 106 216
204 114 57 55 141 204 93 11 63 104 20 236 66 178 211 91 197 23 116 69 202 240 78 209 66 231 31 82 211 78 115 8 17 102 180 24 236 180 116 24 179 112 99 45 219 140 216 230 122 85 252 44 195 184 81 106 165 83 200 1 171 71 184 214 42 40 221 16 228 131 253 251 176 73 134 29 240 212 34 254 169 110 135 42 143 188 232 83 148 176 213 240 58 79 142 220 234 147 82 225 197 99 36 136 79 194 37 106 113 151 134 17 93 33 215 174 203 138 27 232 160 127 214 252 235 89 85 185 33 170 24 186 122 71 239 239 127 123 105 164 119 19 1 115 174 235 248 13 126 50
194 101 13 133 70 245 61 32 252 131 218 215 109 5 94 104 145 181 141 252 154 118 121 158 205 189 214 146 248 159 223 217 157 18 139 105 102 83 142 41 73 120 178 70 36 137 65 92 196 256 242 104 94 150 100 147 32 115 74 85 108 43 72 111 58 149 154 183 217 150 20 53 189 166 154 204 61 143 63 90 10 226 215 87 62 187 245 251 206 202 219 136 155 234 167 124 71 216 209 196 6 41 50 145 47 185 62 220 167 185 112 232 73 169 122 162 202 70 174 199 250 105 181 83 46 162 181 203 21 192 58 247 65 20 6 159 209 73 49 94 118 2 137 36 55 9 200 254 132 50
70 17 62 7 59 226 52 38 61 179 13 243 52 43 18 38 250 192 202 212 186 91 61 8 157 214 25 224 110 48 237 19 118 130 67 66 73 69 20 29 82 153 233 207 185 179 51 103 239 214 27 97 200 218 147 120 122 216 87 246 124 56 161 68 204 200 180 70 247 80 103 148 19 94 27 120 4 73 168 64 213 100 78 177 57 3 75 0 205 9 29 19 26 110 155 132 143 38 29 55 47 41 251 48 154 252 107 108 34 62 222 126 118 80 205 239 40 250 97 238 57 175 197 72 134 61 202 131 238 237 186 222 113 169 14 131 150 110 172 216 242 137 109 47 166 192 170 217 26 48
185 252 137 46 211 93 155 249 13 138 34 28 107 221 46 170 138 250 88 91 166 124 79 79 74 29 63 120 104 107 203 241 84 94 94 75 156 229 108 236 237 205 250 35 160 19 152 135 134 241 108 79 198 125 225 22 101 58 191 178 68 43 47 61 34 108 132 227 92 109 223 238 144 79 61 176 166 3 18 156 225 87 134 71 142 138 76 161 62 246 17 184 63 187 76 38 159 199 130 76 91 1 145 191 226 123 172 190 87 178 243 255 136 171 68 60 156 143 33 110 230 78 13 69 101 255 122 236 162 248 117 13 44 68 0 44 237 129 241 28 194 77 1 246 99 100 57 205 47 64
14 113 162 193 162 190 164 6 231 80 133 32 144 28 103 116 156 188 15 204 24 251 217 225 211 172 49 237 47 59 96 160 139 148 104 137 98 71 55 145 129 126 168 86 209 117 53 177 209 206 228 191 162 7 244 55 14 86 161 164 123 238 181 11 154 114 247 170 201 147 123 147 128 255 224 26 206 182 49 210 64 82 235 108 117 199 227 216 242 59 184 51 167 58 125 199 198 176 119 41 176 77 169 119 53 222 86 81 50 168 58 38 191 238 146 209 86 33 200 32 170 0 174 5 30 158 250 253 51 113 119 33 134 132 250 90 135 178 121 241 194 16 33 49 15 150 42 156 129 240
29 247 248 137 173 111 145 231 215 173 94 185 202 217 104 44 229 155 196 195 65 198 5 19 252 210 85 61 139 172 164 185 210 57 75 226 216 103 29 80 32 16 187 247 46 54 253 109 8 231 56 73 202 210 126 186 198 190 168 99 67 238 157 99 9 122 154 190 0 247 59 37 24 4 31 129 81 61 99 129 154 228 158 4 148 105 87 27 254 136 34 102 95 85 48 159 60 212 174 253 216 42 6 197 127 153 3 40 246 255 195 70 215 47 124 159 91 202 86 24 199 153 121 102 106 130 189 15 76 49 169 159 144 74 234 11 202 128 223 26 165 254 214 15 80 210 156 59 243 215
125 35 82 211 16 47 163 136 136 64 55 172 100 57 242 180 100 84 127 59 138 12 139 219 248 85 254 254 50 83 194 248 96 193 202 136 34 22 256 58 148 253 245 212 235 84 88 162 209 65 60 157 65 40 223 212 172 156 146 99 219 109 158 168 65 235 121 85 105 42 124 166 54 244 85 94 75 252 40 211 81 39 28 113 108 112 135 157 27 22 26 96 51 54 45 107 224 177 109 86 154 107 171 52 241 18 69 237 16 176 95 99 121 77 138 109 44 108 104 167 126 80 93 175 134 76 138 40 81 132 189 182 40 250 117 184 165 188 25 236 117 155 73 246 116 59 154 253 130 125
1 110 29 118 247 119 250 215 79 119 87 50 89 7 42 184 6 151 228 41 114 154 20 111 134 165 47 2 229 44 243 106 98 111 196 6 108 9 248 114 72 102 136 18 54 26 110 232 229 24 147 99 230 48 33 196 146 160 97 1 239 60 144 7 245 9 43 175 137 143 97 21 20 65 229 242 117 61 84 216 21 235 234 218 187 130 70 118 137 74 15 184 169 165 236 31 67 107 47 106 186 211 45 252 58 100 28 28 27 71 130 66 248 226 172 144 206 0 43 5 20 238 172 83 248 134 4 75 157 255 146 146 70 190 82 125 183 141 71 109 54 34 254 140 247 234 21 32 62 108
51 5 256 146 163 45 196 162 178 189 111 211 225 239 151 60 124 65 15 227 87 2 161 46 90 208 204 129 92 45 54 194 12 251 138 114 210 187 94 76 200 239 187 255 138 225 141 140 82 177 206 56 213 160 202 7 13 32 217 189 241 35 252 0 52 138 31 223 162 179 217 48 7 122 192 197 48 168 5 9 135 141 226 24 81 142 53 226 139 40 123 166 237 81 144 169 131 126 53 17 151 65 29 157 120 135 63 228 103 85 69 79 43 150 53 244 207 201 192 39 2 67 95 32 240 176 236 20 113 195 44 149 227 95 93 153 1 118 256 50 142 216 140 22 244 168 130 210 192 65
13 249 149 199 244 76 30 243 195 206 175 193 104 255 162 120 108 93 4 211 198 193 227 250 103 228 214 166 107 47 23 215 160 80 113 169 130 10 94 222 115 47 129 242 45 23 192 120 226 50 51 44 28 153 22 215 65 215 61 246 130 233 126 156 5 46 198 5 36 34 154 180 172 202 164 181 152 93 203 221 181 187 117 55 73 45 203 173 207 215 219 253 161 241 25 38 170 209 4 149 140 212 153 149 200 76 60 16 117 106 171 77 176 226 169 153 254 22 77 37 114 217 57 204 178 256 107 21 49 82 21 143 224 222 67 185 191 115 70 54 32 255 124 243 228 85 160 49 146 28
175 116 166 64 63 117 146 233 25 30 2 41 210 139 200 41 203 152 110 47 223 4 224 254 243 179 79 21 85 212 0 3 37 56 223 246 79 99 174 224 45 256 142 188 221 9 176 204 14 174 3 78 139 159 141 192 182 104 44 228 80 217 63 30 90 72 10 41 138 70 213 173 193 114 217 244 214 131 174 207 208 248 98 94 234 88 84 2 110 154 239 113 98 156 156 223 160 152 82 5 80 99 255 23 74 143 50 8 20 237 189 91 156 177 153 23 206 207 228 52 248 106 32 58 242 200 107 45 103 11 215 21 129 22 33 56 154 247 17 85 62 153 176 230 14 138 144 98 251 125
161 228 119 153 245 44 208 23 147 172 75 140 215 200 66 14 40 124 50 104 128 218 59 61 101 121 237 102 87 180 192 172 7 244 159 8 47 101 181 117 51 100 86 5 59 130 256 158 85 52 83 96 140 179 136 134 92 104 29 157 108 212 247 140 98 85 22 254 81 145 183 29 68 151 145 22 55 116 35 177 166 137 93 246 70 231 35 193 74 90 39 96 209 123 31 102 86 127 9 254 35 123 50 82 47 196 67 217 142 10 129 41 249 27 123 98 83 150 16 57 207 65 37 41 7 225 7 184 136 62 222 190 174 244 33 56 72 114 226 59 197 77 87 49 55 194 201 110 6 54
206 236 225 83 246 105 222 22 244 2 233 115 195 254 193 60 171 122 64 121 229 96 53 187 61 27 69 100 41 148 128 11 122 219 221 0 103 230 6 179 80 124 93 67 75 220 75 62 107 123 47 186 70 100 8 181 52 212 146 57 189 131 197 181 153 75 209 37 116 106 36 97 80 176 236 227 49 67 9 231 125 61 81 57 68 69 229 107 87 76 236 166 198 33 208 107 48 31 168 34 120 116 67 122 64 110 207 66 127 256 153 90 153 222 57 235 95 155 73 165 27 149 201 117 188 11 20 228 185 214 8 192 238 234 103 240 173 50 17 173 199 124 52 47 21 134 220 199 97 110
114 179 128 5 151 5 217 89 22 246 184 192 55 142 131 74 175 113 123 86 109 126 4 20 25 63 30 200 207 129 205 85 193 60 139 94 141 140 38 60 162 233 18 65 83 156 22 207 3 234 171 217 25 148 177 223 145 146 145 89 170 7 50 58 68 25 194 155 72 26 151 67 179 203 49 204 11 166 100 151 168 2 43 157 114 215 67 199 145 132 62 8 43 84 193 56 18 182 62 50 233 186 22 142 214 60 0 30 162 106 250 68 136 122 203 35 58 118 109 243 158 75 216 141 74 138 38 181 155 83 176 173 119 15 191 236 69 125 73 229 57 119 67 165 71 152 241 181 34 170
89 134 53 117 230 180 75 71 163 32 8 235 151 32 69 141 147 51 102 248 64 207 47 250 177 222 86 244 90 126 60 41 181 115 183 53 45 70 130 115 249 39 213 60 30 66 151 101 122 177 138 196 138 109 86 18 242 207 82 37 81 205 12 49 143 118 66 81 98 20 211 211 117 239 154 136 136 143 22 63 96 175 173 200 173 181 16 20 5 20 246 96 89 68 50 179 158 8 253 16 7 92 225 189 176 217 182 242 79 30 143 6 171 37 90 139 92 206 241 105 246 228 218 132 87 196 183 98 188 198 69 57 249 26 70 197 35 130 223 68 20 162 59 145 227 147 98 184 83 228
203 187 199 193 105 31 95 23 161 19 214 129 227 133 196 113 10 29 72 104 212 205 128 66 166 57 224 175 237 36 11 38 239 98 211 166 3 218 169 151 81 101 144 154 250 216 213 183 131 144 217 106 206 139 19 8 90 37 20 121 205 226 82 241 21 72 198 254 33 182 2 166 132 26 44 164 60 68 56 200 60 251 18 151 105 25 188 167 185 131 225 212 177 41 201 190 73 248 73 101 216 62 6 189 106 157 209 111 175 85 99 131 48 45 187 180 133 191 134 214 191 71 236 43 256 234 45 2 235 79 133 159 83 231 206 170 233 77 95 28 99 225 114 47 127 196 137 53 86 46
145 137 35 5 25 22 169 44 85 64 171 101 181 8 208 92 40 162 34 158 214 52 87 167 256 16 118 1 103 241 174 94 59 173 120 9 253 65 115 113 12 142 40 191 109 162 203 247 117 138 118 242 53 12 215 100 92 149 114 60 41 207 124 12 2 18 195 233 87 82 144 202 92 88 230 230 209 174 255 243 214 116 249 5 130 0 153 60 234 126 211 38 166 215 131 33 210 150 162 234 2 101 74 18 66 80 200 188 112 100 36 12 219 37 246 249 227 16 151 160 203 150 79 87 159 151 127 233 55 131 144 216 101 86 132 136 206 33 188 158 215 209 80 135 224 76 77 112 196 5
93 148 69 59 172 17 205 240 191 196 48 114 172 153 89 58 192 140 102 191 150 252 100 123 181 128 17 28 214 97 131 254 226 86 22 168 123 49 204 92 77 236 48 36 121 39 69 137 108 51 22 4 9 52 46 66 49 202 173 253 117 79 27 128 209 145 87 234 57 234 103 119 124 198 116 158 177 232 126 13 32 66 85 217 116 227 189 78 58 193 34 172 24 80 201 255 101 109 179 208 13 230 145 192 128 189 254 205 28 88 12 133 69 76 59 191 155 235 15 99 177 65 39 116 219 157 75 183 198 174 33 124 42 33 29 101 122 10 58 110 139 142 250 127 69 159 202 119 9 2
221 20 5 194 122 218 207 57 144 15 9 40 51 215 67 0 94 225 148 130 164 155 98 249 21 52 253 15 150 80 31 55 243 95 170 153 58 162 230 182 212 175 105 48 23 230 226 146 166 131 212 47 154 204 20 106 108 167 71 114 143 247 122 132 178 21 252 183 254 181 100 209 125 60 195 148 81 31 8 37 14 234 234 10 239 243 218 141 137 199 74 81 9 33 32 108 70 4 31 14 162 43 168 32 110 103 211 199 75 102 24 150 237 109 254 97 119 229 99 174 133 248 186 23 246 84 26 169 215 61 180 176 221 198 110 239 173 122 90 149 19 42 20 35 212 246 241 199 90 146
149 83 64 103 103 107 222 130 51 139 140 121 121 131 195 102 63 97 124 49 134 169 7 227 212 34 206 245 225 39 14 211 167 2 120 137 137 20 68 193 11 6 39 119 86 116 134 164 95 85 101 33 79 219 108 52 183 53 28 126 132 247 46 156 189 207 208 133 12 125 103 149 13 102 249 194 140 88 6 152 93 192 111 198 213 19 51 123 169 176 245 119 104 34 192 173 100 162 219 16 189 141 256 254 94 233 3 135 50 57 210 197 46 25 84 227 174 162 219 106 50 50 67 31 160 230 107 40 22 89 45 209 184 103 90 209 90 135 60 195 123 17 194 43 224 113 59 97 92 146
12 72 101 209 182 139 256 241 17 13 141 24 52 8 107 79 62 9 118 167 120 248 230 209 111 5 254 134 99 65 247 64 77 206 158 167 13 93 153 16 244 218 45 201 10 183 194 131 162 103 251 201 137 235 200 207 32 234 72 0 142 31 227 131 160 60 253 53 245 158 16 101 243 19 128 22 197 238 0 129 210 214 73 29 51 167 189 246 38 235 119 41 176 250 183 184 180 172 129 155 75 175 229 3 32 183 76 29 48 133 15 30 236 71 197 24 16 193 61 193 240 210 239 94 70 73 82 116 5 23 31 181 41 127 45 86 195 104 248 217 181 113 216 129 146 50 86 14 119 201
118 230 102 218 82 107 237 202 229 243 218 94 11 116 21 158 184 13 122 65 223 160 180 243 136 251 93 43 46 74 106 150 29 250 160 45 131 189 119 112 28 243 249 12 169 18 53 132 213 107 33 218 250 110 49 252 228 95 160 11 217 67 64 256 54 157 124 48 42 52 239 115 79 83 69 149 31 153 93 129 222 201 240 53 44 138 71 4 221 173 33 56 0 198 73 12 181 27 210 61 155 58 93 75 84 250 148 112 103 118 147 2 252 96 101 61 218 49 176 44 79 1 231 130 240 49 143 49 187 3 52 81 23 87 200 254 160 104 71 15 180 29 159 70 85 63 256 112 36 50
248 60 80 25 131 175 46 139 218 126 214 241 177 197 237 90 154 238 47 34 85 238 149 73 103 218 120 65 153 131 21 125 34 85 155 219 189 168 252 193 87 84 26 48 97 145 20 26 193 211 21 138 155 233 43 182 104 176 94 108 39 233 182 130 199 95 161 224 39 21 36 187 152 232 56 105 188 225 111 68 227 104 65 156 26 202 99 18 3 31 121 109 220 185 248 97 182 26 49 130 208 18 46 227 154 172 15 14 169 241 9 180 115 65 26 153 25 180 100 95 245 110 125 191 198 146 12 101 89 194 233 107 133 75 126 69 31 197 192 238 8 255 130 71 72 2 30 139 78 13
202 8 68 206 124 215 244 39 154 70 167 150 18 161 193 200 93 176 130 227 238 62 125 94 153 209 214 189 160 14 124 161 113 186 249 41 121 210 137 248 32 61 246 148 52 129 222 85 88 163 134 102 27 249 170 32 249 133 134 47 93 109 233 13 185 247 71 199 98 44 45 129 127 255 163 145 89 157 156 143 235 223 72 216 180 68 30 153 223 63 118 199 228 17 214 91 56 97 141 128 43 35 42 26 147 50 73 70 8 85 10 105 199 241 75 166 86 156 2 120 35 212 98 172 104 82 226 183 27 47 124 89 149 156 208 27 15 53 90 11 67 102 60 60 180 174 178 233 3 136
176 32 109 66 164 193 215 117 124 127 34 204 160 38 202 218 220 139 172 256 42 69 153 232 24 8 96 15 118 190 8 170 81 127 230 191 232 231 97 166 249 191 89 213 227 114 100 5 157 234 177 8 42 90 213 73 123 248 117 204 22 19 180 112 10 48 109 187 19 151 225 204 77 159 109 236 255 175 234 204 160 191 120 88 168 193 209 58 241 227 210 179 45 247 212 131 159 153 128 73 147 86 222 172 219 208 113 134 107 239 89 1 92 7 184 256 223 36 145 205 58 96 71 197 112 177 157 102 198 238 130 194 67 35 196 234 167 7 69 245 194 189 1 164 174 188 216 140 85 240
251 107 221 171 73 200 213 210 59 66 256 216 21 73 103 32 140 4 83 40 79 77 214 160 125 12 70 254 193 2 182 20 207 61 144 233 104 10 177 108 200 166 245 220 12 253 92 147 110 123 99 4 129 68 198 191 121 250 51 1 219 133 90 27 175 242 141 186 23 212 98 49 133 73 130 229 139 158 153 236 247 143 118 151 126 87 106 5 247 11 153 132 81 123 32 96 51 199 101 183 179 171 177 215 137 94 104 61 235 82 228 4 82 123 228 139 56 222 76 143 63 36 213 230 184 191 116 182 180 123 96 174 239 34 49 10 244 233 67 146 168 209 185 189 205 15 53 175 206 87
213 46 241 15 5 109 199 99 144 155 239 163 217 140 106 76 28 113 144 206 150 161 57 191 211 232 0 48 126 41 247 153 143 9 63 68 105 216 19 130 99 35 94 142 165 83 226 140 45 212 206 236 23 71 151 102 101 139 74 152 6 178 151 135 194 153 80 153 0 39 59 101 19 125 215 30 126 148 73 216 175 185 95 157 8 40 23 172 173 167 202 245 225 161 49 50 68 149 88 169 156 91 254 101 253 10 237 185 192 103 62 123 224 107 137 123 44 255 9 241 7 171 49 6 239 163 130 223 146 67 145 72 107 66 10 106 22 178 37 29 67 203 117 14 136 60 71 107 106 238
52 129 41 256 140 57 29 197 6 246 129 121 146 202 134 88 201 193 28 238 34 239 30 238 60 52 114 237 135 248 185 28 0 155 77 187 37 115 131 238 140 154 45 96 0 178 78 26 31 64 180 37 93 9 185 154 203 4 19 211 255 181 173 85 155 34 120 135 102 51 156 57 10 244 222 132 77 178 232 194 199 61 189 28 38 138 91 85 192 142 156 232 72 139 77 24 75 102 103 33 224 148 101 59 35 193 61 148 112 105 124 200 100 238 70 61 232 65 7 153 223 209 196 195 118 106 217 141 5 168 254 158 74 130 126 61 62 123 60 164 107 183 20 113 162 89 229 170 40 183
194 237 212 77 106 53 188 84 221 249 165 248 143 21 234 106 78 121 202 220 75 194 167 164 101 40 43 147 222 40 51 127 194 209 49 47 58 87 5 55 182 233 50 246 1 217 108 221 167 133 125 15 251 144 102 203 161 75 196 27 117 170 75 30 250 86 107 71 204 120 114 188 15 33 193 96 34 219 105 167 81 251 187 81 106 210 136 162 81 248 117 86 256 130 19 78 7 254 235 41 62 191 211 33 163 9 182 189 38 224 90 155 64 78 13 65 14 251 27 37 103 224 99 179 158 249 48 155 242 72 120 199 219 64 35 205 110 81 13 244 69 129 226 123 11 65 27 86 110 82
253 254 163 214 23 252 209 38 51 102 1 75 28 105 69 13 50 34 77 246 173 144 143 256 3 80 128 60 203 248 32 90 61 214 11 147 91 100 146 218 147 35 175 133 241 9 107 123 53 230 148 12 243 183 167 176 39 59 145 105 126 28 165 40 228 34 18 155 128 227 243 218 112 145 111 219 149 110 74 39 134 29 18 144 208 13 7 190 228 171 170 73 187 227 34 103 54 15 18 92 220 114 196 230 155 160 122 219 128 36 11 187 187 229 5 142 192 130 241 77 51 232 25 143 145 84 255 135 48 125 47 177 7 25 11 224 102 102 198 94 195 90 45 61 186 256 102 130 223 136
60 9 176 143 130 83 248 176 78 141 140 254 189 139 56 82 159 30 248 49 215 5 242 147 129 256 49 198 16 167 231 205 84 167 255 92 172 114 240 112 37 36 118 19 161 109 192 41 167 4 172 142 76 30 240 76 136 138 120 11 96 48 87 191 194 213 73 90 14 85 18 247 217 46 18 52 155 210 201 15 167 54 17 111 40 24 188 107 123 63 195 149 112 213 36 4 172 87 145 114 114 244 139 181 36 242 249 93 10 202 15 183 202 151 106 18 157 106 170 179 138 69 161 177 82 154 20 206 208 18 114 13 116 241 56 29 102 80 37 145 181 121 174 225 139 245 200 28 11 182
139 165 145 167 1 121 64 65 0 111 86 18 15 124 214 153 205 148 120 176 177 181 223 116 102 120 165 112 32 135 109 256 76 126 27 231 249 200 230 49 154 180 122 162 25 63 136 60 254 47 35 246 178 164 200 156 231 195 184 30 66 149 218 77 70 149 21 144 71 143 252 248 45 159 97 70 90 54 63 215 32 67 11 98 237 82 25 50 85 214 23 165 38 3 194 12 69 112 7 50 68 116 148 125 194 254 223 147 188 70 138 91 232 156 145 71 239 33 50 35 147 96 114 155 212 10 145 176 126 71 1 52 152 230 213 234 53 115 110 137 110 36 2 181 242 147 253 146 152 153
251 223 138 198 141 141 25 57 26 165 220 103 141 236 174 178 250 61 167 37 166 202 25 107 34 189 100 63 199 175 187 172 134 144 10 213 166 243 17 256 148 139 89 148 1 237 72 83 18 223 96 74 246 6 254 88 148 15 222 193 208 136 1 93 43 54 38 104 12 209 101 8 159 91 33 48 49 59 129 86 157 35 62 142 9 67 236 190 152 159 86 186 101 194 96 138 191 10 192 109 183 71 251 18 61 69 249 130 237 66 169 90 1 2 139 191 94 217 64 177 140 151 201 18 91 121 1 133 114 162 226 88 62 169 217 173 234 168 62 107 166 85 36 205 208 176 104 162 222 116
84 238 205 177 73 20 237 143 117 234 192 141 142 20 114 159 177 127 178 144 163 233 234 167 142 236 99 238 52 191 172 140 132 22 101 96 25 70 140 50 107 43 192 191 206 117 47 64 104 247 79 115 196 248 226 104 121 84 156 83 193 66 110 8 224 77 238 83 228 87 251 36 203 191 186 155 146 190 83 224 93 4 4 98 232 4 231 194 243 176 54 76 151 156 59 72 110 109 238 20 159 245 192 223 50 143 14 218 84 215 174 176 59 222 187 131 75 147 131 73 186 54 49 151 48 161 54 49 165 140 162 66 18 230 49 158 40 82 37 153 48 224 215 105 100 77 77 34 226 234
226 219 27 146 17 181 151 14 177 62 73 27 129 45 27 205 3 148 126 205 84 80 28 36 246 168 1 12 151 34 221 148 231 80 91 27 88 70 92 163 42 30 143 245 128 110 210 43 142 106 81 200 220 179 103 78 217 56 53 157 172 24 120 201 59 248 60 185 171 218 181 76 182 133 151 246 38 22 198 79 209 69 100 2 197 108 195 217 241 84 62 2 47 18 106 49 219 27 237 155 46 234 47 60 112 222 45 115 159 57 236 199 141 123 148 177 188 94 172 18 122 161 21 9 76 145 46 90 141 244 103 141 37 133 169 118 143 224 253 136 96 23 194 204 45 36 215 124 107 124
114 70 189 168 117 22 68 105 125 159 113 164 209 212 187 201 211 244 241 40 23 28 132 14 137 192 69 27 200 59 16 154 18 249 92 139 218 171 158 256 149 84 220 66 161 223 159 135 133 84 251 79 129 95 142 221 4 181 20 198 115 59 195 205 61 163 117 103 78 102 163 69 127 80 174 31 123 70 154 224 193 74 146 42 4 57 95 235 146 64 176 51 241 209 63 155 112 155 8 32 127 45 188 153 179 93 202 179 174 208 159 44 173 162 17 66 80 27 204 160 139 77 15 123 135 99 46 104 111 218 21 117 28 65 156 35 42 205 65 29 26 114 126 205 39 171 32 211 203 248
125 40 227 7 238 3 131 235 80 7 177 47 215 255 6 115 47 42 243 249 211 60 207 148 246 240 143 154 17 206 131 23 95 252 256 233 46 216 71 138 33 98 56 27 112 81 81 250 169 168 185 171 240 229 85 84 45 110 225 4 8 10 241 10 234 219 38 135 46 113 80 226 181 235 235 139 112 8 175 136 97 2 225 165 175 107 159 199 242 225 110 49 196 115 224 117 213 108 127 236 193 198 235 96 76 165 175 176 218 215 43 136 211 110 236 208 203 73 68 199 52 171 170 129 146 241 11 243 2 247 1 100 114 89 135 145 171 112 107 141 166 181 73 226 73 194 197 217 24 202
197 234 243 16 256 75 108 97 56 221 199 8 244 94 59 115 133 61 59 130 236 213 117 3 216 158 209 256 53 66 251 100 223 58 191 58 76 128 240 199 22 203 85 116 237 212 145 154 223 91 248 69 225 3 75 98 106 124 60 142 27 217 228 36 176 33 20 52 65 25 198 47 139 39 206 218 110 66 15 111 123 118 199 115 111 126 1 42 130 133 59 181 84 162 76 84 48 30 235 230 112 145 121 102 173 188 71 181 178 223 72 216 166 170 202 214 233 113 81 88 143 58 171 73 192 212 162 132 66 1 228 128 35 56 227 211 96 106 238 127 148 255 118 84 232 95 228 244 84 241
111 171 134 179 174 221 144 12 41 120 116 25 75 19 130 157 25 0 217 62 57 217 144 140 200 100 250 188 56 18 89 39 238 93 99 237 99 47 221 29 115 20 149 221 80 123 205 16 168 4 119 59 220 208 52 95 205 237 30 1 155 146 212 134 238 185 153 99 196 233 184 143 61 13 216 80 87 109 5 223 230 145 214 139 136 89 66 225 205 109 86 44 20 120 108 34 24 31 192 134 72 246 118 2 67 104 210 240 53 144 184 179 196 226 223 17 191 78 27 213 82 253 147 217 207 235 113 97 120 97 57 151 31 237 72 230 173 225 237 4 132 29 22 118 253 165 210 94 4 96
215 11 161 92 34 41 154 60 208 59 92 186 59 10 15 176 11 127 206 202 93 107 111 191 49 43 120 33 96 251 15 17 87 35 171 7 16 144 15 233 45 252 37 200 79 147 123 9 136 103 67 172 131 93 155 85 122 112 28 106 12 127 160 146 17 127 110 207 149 92 95 166 27 16 100 93 83 32 9 26 166 205 92 91 63 83 64 7 118 109 30 106 187 225 37 174 46 253 128 16 114 95 179 203 99 36 209 35 41 26 195 71 12 200 156 255 38 83 39 120 233 249 29 114 132 8 176 12 248 49 47 69 256 31 213 181 236 64 6 191 191 184 223 99 152 103 191 199 73 200
5 39 177 220 216 105 242 69 19 1 173 148 50 82 41 209 102 83 43 196 15 168 123 17 27 33 151 169 136 161 160 124 108 30 172 98 168 94 79 59 150 58 224 163 8 111 168 12 68 116 36 253 199 136 201 204 172 99 35 33 36 94 51 154 92 179 248 188 202 87 125 16 165 254 213 148 121 188 99 169 216 237 118 110 221 9 142 132 199 14 158 255 16 91 142 188 112 146 65 184 154 58 71 59 108 11 104 22 34 156 73 164 98 240 148 182 96 4 21 2 24 32 207 78 100 29 217 166 78 193 152 151 116 56 40 12 193 199 79 67 15 198 76 239 27 204 176 2 204 222
167 70 77 123 245 153 89 198 7 102 95 85 85 27 129 102 49 131 256 240 70 107 112 197 93 255 174 191 86 131 32 210 122 77 188 85 180 17 238 254 10 92 25 172 46 199 186 205 124 210 49 217 214 141 221 139 108 147 1 113 168 142 146 154 25 232 182 203 172 227 245 101 238 10 127 3 237 94 72 70 131 52 232 248 219 17 104 84 65 252 126 80 6 167 185 50 85 27 254 196 199 66 191 238 56 87 158 110 242 117 113 16 227 255 111 150 66 59 218 59 187 75 36 22 251 237 73 86 145 123 190 69 147 141 189 77 185 59 82 95 34 5 186 129 33 116 77 134 143 139
148 5 162 234 179 23 214 75 18 240 154 29 79 176 57 106 150 82 8 94 13 101 45 250 89 56 155 83 169 200 82 97 161 214 39 1 78 22 63 166 20 66 15 199 133 22 193 184 208 30 221 15 185 17 224 132 64 144 255 149 53 60 243 214 78 13 143 250 161 162 171 12 181 25 35 232 35 153 18 117 187 105 116 235 160 21 28 18 22 162 180 57 24 70 39 89 128 17 119 150 120 114 134 220 187 204 110 93 146 211 71 15 28 226 122 25 19 13 252 187 48 122 184 185 116 235 159 204 233 129 161 167 60 250 128 122 122 176 71 47 43 125 94 73 229 101 181 142 45 215
90 35 71 195 210 176 50 248 49 171 85 218 88 157 10 255 217 89 76 26 198 80 69 219 243 26 187 21 5 170 32 25 40 19 230 157 161 221 192 110 117 37 46 101 99 153 96 214 134 174 209 6 236 24 229 209 220 232 10 232 236 59 113 132 193 256 212 239 50 68 125 226 25 210 120 29 30 150 126 8 17 72 87 163 152 88 96 180 99 172 121 79 198 131 43 82 98 219 55 67 41 234 128 140 233 134 218 161 33 8 194 249 212 237 190 174 228 140 155 253 104 56 6 147 197 40 73 54 136 199 242 10 96 248 10 107 229 65 234 112 122 132 116 223 40 43 160 151 232 183
67 15 22 6 64 45 97 179 244 195 97 218 178 72 230 237 80 137 150 76 46 235 237 25 147 163 103 162 147 254 114 125 134 196 62 186 240 72 158 29 34 212 197 19 212 178 40 113 105 42 233 12 166 216 114 70 110 193 9 126 208 134 178 252 37 175 226 50 231 160 219 114 140 176 256 114 167 125 91 115 44 39 88 118 141 177 206 106 72 110 224 124 130 214 136 34 90 10 100 73 64 99 144 62 121 194 110 186 115 80 244 116 191 159 76 115 253 244 163 123 163 184 116 196 16 208 177 119 226 253 151 42 19 18 245 177 15 212 26 173 230 136 128 93 39 156 50 254 35 70
214 85 203 67 33 46 242 191 164 14 125 96 135 216 166 243 232 80 166 41 253 126 145 124 154 222 25 131 215 179 238 220 97 147 219 190 112 218 129 21 75 16 82 252 99 142 83 82 108 156 198 176 19 161 84 62 106 57 67 187 251 162 59 71 221 212 77 84 73 32 221 207 136 36 3 12 179 11 86 191 222 196 167 152 240 245 219 247 38 149 1 17 237 138 17 65 37 153 193 21 161 102 0 250 132 131 24 34 239 225 75 193 2 155 163 87 59 37 15 175 238 207 126 14 233 109 18 99 45 81 242 16 207 120 34 41 1 1 129 142 206 108 56 92 191 209 166 35 40 45
108 116 202 151 62 68 73 55 114 178 148 242 237 255 116 158 74 168 104 248 104 225 59 81 117 85 59 213 51 255 202 155 131 179 175 219 52 118 197 193 71 180 171 13 78 218 141 101 194 118 51 21 112 235 229 53 247 234 16 221 92 147 60 253 81 208 191 238 231 98 70 176 99 81 90 111 177 53 192 137 247 76 169 9 135 94 101 7 71 200 237 64 69 210 9 198 3 185 242 143 210 194 153 152 128 59 167 16 122 229 189 166 111 150 68 23 204 246 34 145 114 79 147 47 87 177 183 184 221 189 53 209 134 103 247 43 13 170 152 46 236 41 190 103 195 127 161 40 148 59
92 140 169 252 77 8 208 65 6 77 8 254 12 172 189 220 184 224 18 209 133 67 85 38 118 231 164 227 153 230 168 22 154 21 147 31 133 214 28 32 91 194 175 58 195 37 114 59 141 24 151 10 113 69 27 77 182 84 149 129 101 91 27 84 200 144 12 246 72 70 249 200 36 207 217 39 97 148 26 137 240 107 200 102 71 34 158 50 27 250 123 11 13 165 42 160 24 196 184 215 190 229 140 20 137 86 147 254 249 189 104 53 156 99 26 210 116 214 173 180 198 92 0 247 191 125 116 35 184 32 245 95 58 167 197 184 162 101 17 200 19 209 108 237 170 81 65 159 28 117
57 24 140 50 88 235 49 123 25 161 185 86 195 164 205 106 192 39 37 193 45 251 137 132 77 201 21 14 135 247 4 139 182 238 193 162 201 71 150 184 54 23 68 194 145 95 50 12 242 209 103 207 52 106 186 28 44 11 162 6 170 23 210 198 163 1 94 202 180 199 7 54 228 148 91 57 24 56 224 26 123 212 118 52 125 51 37 73 140 228 254 230 188 133 82 42 20 122 39 93 244 112 125 148 73 31 170 178 235 115 147 246 10 95 139 243 106 138 218 33 182 219 49 62 83 112 175 185 238 20 74 128 223 94 32 205 73 28 122 125 66 114 156 210 67 147 189 199 34 167
18 203 33 15 149 249 198 113 40 251 3 11 83 97 104 221 22 55 189 77 144 247 220 179 145 247 238 13 227 252 97 224 95 20 124 172 150 41 194 25 250 93 120 48 149 39 113 200 204 166 33 173 4 90 150 142 51 51 39 42 182 87 133 233 31 91 60 223 34 33 219 18 50 9 44 61 235 181 144 76 111 139 136 39 79 112 169 222 57 244 149 177 178 140 161 78 237 12 148 233 209 115 118 43 234 100 188 18 39 125 222 37 181 228 144 3 171 123 150 207 190 26 242 181 211 155 234 44 135 231 67 167 255 179 226 149 102 103 243 69 225 95 123 232 148 234 31 119 17 55
138 176 82 176 36 119 130 41 22 205 121 93 225 17 23 102 120 104 203 101 115 175 247 93 143 222 92 53 130 166 45 183 67 209 251 132 159 211 149 23 246 151 181 167 71 228 152 247 166 16 226 2 163 52 239 126 220 172 217 74 49 90 155 173 221 213 250 127 20 50 117 164 119 26 63 252 136 99 86 250 19 64 207 185 179 179 222 1 182 206 102 129 233 215 121 253 169 156 78 42 164 171 252 139 237 20 129 18 216 220 124 174 85 59 75 202 146 143 189 83 192 15 222 224 79 132 90 239 27 231 203 19 41 45 59 180 168 5 228 63 0 226 243 119 238 255 253 28 58 229
233 145 42 144 219 141 68 196 137 82 114 133 116 164 55 182 248 47 38 41 10 56 217 237 141 200 210 23 146 129 52 4 165 228 153 38 222 160 97 185 77 188 193 221 231 230 253 48 47 246 61 185 131 68 188 197 231 73 112 146 50 101 181 26 22 24 10 224 236 176 175 64 143 253 105 209 206 216 37 143 59 68 132 44 85 164 224 81 135 145 12 230 209 52 94 194 223 246 46 5 201 141 0 121 246 65 190 114 89 215 18 198 224 221 48 42 3 200 105 167 213 65 29 151 185 215 167 4 168 3 69 21 144 0 4 243 237 207 96 90 98 253 73 115 183 92 209 49 2 42
171 237 63 11 18 213 186 50 210 148 245 178 140 240 181 160 63 179 112 255 134 74 55 159 37 189 254 188 242 255 126 226 78 226 93 93 207 46 48 28 75 154 106 85 204 205 173 82 158 107 33 193 182 215 3 229 77 151 186 31 72 163 42 9 108 93 12 42 18 215 59 40 129 223 254 158 110 193 145 50 197 101 105 184 123 69 175 138 207 240 126 159 210 214 230 69 173 236 156 7 31 127 236 6 79 241 121 227 196 52 93 227 75 233 217 1 197 203 103 114 32 76 131 43 162 206 54 36 177 200 191 48 27 86 120 56 232 85 239 50 32 221 187 174 240 6 173 104 238 200
249 75 142 44 14 189 34 78 102 199 121 255 203 2 93 133 249 33 6 34 231 108 54 179 98 161 221 33 19 94 129 159 48 72 55 45 71 93 75 169 251 107 155 90 64 176 115 121 214 50 53 101 254 141 141 2 240 117 165 27 218 146 77 191 73 172 56 57 6 192 20 145 126 198 94 6 203 107 193 84 46 125 55 87 20 203 61 140 245 66 110 192 231 58 65 255 109 233 48 223 118 123 162 11 73 157 2 68 193 52 74 40 74 214 215 195 242 241 248 2 171 165 100 209 45 69 94 129 100 177 83 254 113 165 159 93 79 75 248 100 63 195 61 205 4 106 113 7 38 158
201 18 103 25 34 19 132 98 66 123 186 187 166 212 33 217 10 50 18 107 82 238 0 129 195 168 128 131 216 14 129 39 236 204 251 175 99 2 148 141 199 55 61 113 217 186 238 249 156 227 165 208 78 249 80 30 172 144 143 213 146 203 47 195 106 25 187 203 210 189 177 182 67 6 197 234 238 160 36 208 151 82 247 51 222 120 29 12 119 169 154 254 226 251 137 60 123 8 188 192 161 48 37 219 25 57 146 18 156 193 191 21 248 28 55 229 43 250 183 200 145 62 110 200 23 65 218 100 45 203 205 70 15 61 154 194 51 158 165 89 188 177 204 251 176 178 100 150 232 129
190 230 33 102 38 182 227 188 130 151 245 125 151 109 25 47 149 109 157 83 191 238 13 31 111 43 193 111 123 212 216 140 77 120 43 239 43 87 251 31 237 17 254 117 202 192 34 255 11 98 149 211 15 122 76 60 0 230 232 34 237 225 72 253 196 93 97 163 81 214 133 196 58 215 152 182 49 24 106 19 98 34 185 95 253 179 49 125 174 74 116 55 54 12 24 204 39 125 53 35 174 22 149 88 48 195 78 45 78 31 203 10 169 242 24 13 97 151 88 92 228 74 218 69 106 42 135 202 253 27 39 146 5 58 82 234 85 114 229 136 214 163 13 204 241 135 163 47 142 71
231 13 58 256 143 117 241 206 58 234 120 247 159 120 161 238 79 192 30 133 83 216 119 62 167 45 164 149 210 214 52 100 132 140 57 151 256 157 134 203 117 70 100 199 124 255 3 87 135 133 96 200 172 228 249 155 61 246 98 80 214 8 49 183 231 119 131 10 33 203 239 69 239 76 40 15 109 78 78 128 117 7 31 189 214 245 222 43 173 100 111 171 204 127 166 127 253 48 163 29 90 7 96 128 11 61 24 68 162 109 98 197 178 92 195 59 153 164 184 42 166 255 64 102 206 206 71 186 172 185 123 38 62 224 89 201 22 16 252 67 2 256 220 2 173 224 126 32 9 171
99 218 186 27 144 83 180 160 197 176 245 227 163 1 50 17 105 186 76 154 17 135 181 87 61 82 32 215 251 7 71 19 169 22 136 87 153 68 105 244 214 177 21 82 176 62 34 41 13 8 199 143 91 102 86 115 2 76 145 186 169 78 40 44 0 74 123 203 219 206 109 142 115 52 199 215 14 61 182 242 1 3 17 77 142 74 91 134 213 208 186 195 172 32 95 141 226 51 147 47 32 240 123 201 191 208 0 214 150 231 202 69 116 34 147 114 206 32 217 104 68 56 22 113 13 209 195 71 73 20 223 216 77 175 138 155 218 139 110 154 213 206 26 55 163 62 174 73 226 117
133 48 127 150 144 86 75 212 76 190 7 70 211 112 53 198 159 25 223 62 71 92 142 116 200 154 137 215 255 87 118 168 183 62 232 16 27 162 157 11 176 214 121 130 36 59 123 106 168 138 127 190 228 83 245 253 213 63 155 190 65 147 72 89 157 117 99 49 195 22 255 239 41 164 84 231 110 11 197 113 68 153 30 221 142 110 247 251 241 0 78 50 62 137 230 173 113 40 171 2 185 88 127 99 26 188 217 148 204 65 208 23 124 153 54 132 68 192 192 186 28 64 55 45 145 214 206 6 14 201 103 141 212 1 52 8 111 186 194 176 156 153 117 218 59 152 135 99 163 182
240 215 128 154 224 178 203 187 96 195 176 105 238 39 248 193 142 201 57 196 157 143 230 165 242 104 214 113 222 249 150 235 47 126 98 231 170 110 6 218 10 134 234 61 23 144 32 184 172 51 223 90 63 9 60 222 82 181 77 201 197 167 218 53 34 226 96 114 192 207 167 164 66 41 234 164 61 62 5 190 98 124 11 232 17 38 43 35 182 94 140 206 100 228 172 154 20 111 232 153 73 250 224 64 136 138 221 207 197 128 210 236 193 28 193 90 25 183 84 183 182 71 207 239 9 134 235 123 205 21 45 146 190 121 218 67 114 23 85 80 190 36 238 181 243 149 120 196 15 133
99 197 77 47 226 166 94 168 191 107 115 115 233 116 151 46 195 136 38 117 47 152 246 171 176 254 30 130 220 210 164 62 71 238 37 17 29 52 227 80 213 61 96 246 126 78 37 60 251 51 73 179 156 252 6 243 234 104 242 240 106 134 220 36 76 35 123 51 21 63 4 20 58 27 32 253 214 239 167 16 200 223 162 27 96 46 168 98 22 189 36 179 67 5 253 141 135 71 138 141 164 127 138 184 177 36 110 106 85 210 51 249 159 51 243 180 150 146 26 230 144 216 6 234 158 67 202 95 194 206 14 128 27 184 242 82 188 109 62 158 48 214 101 2 11 132 190 248 218 2
188 224 107 205 32 112 7 62 132 177 176 12 169 203 14 234 25 37 74 180 54 242 71 163 155 72 152 237 75 13 75 210 98 14 195 232 111 218 2 13 188 82 246 2 128 173 189 61 63 115 17 169 132 232 213 239 5 79 8 149 256 230 41 83 126 46 101 156 219 234 236 41 199 130 110 89 209 75 60 61 102 238 50 250 45 34 194 121 108 91 81 226 162 46 28 230 65 149 161 222 30 197 103 222 90 178 243 247 216 196 204 7 195 117 86 120 0 26 19 225 103 111 54 18 216 104 66 56 87 51 189 189 114 2 72 213 127 16 194 20 3 217 95 68 14 135 185 171 143 86
157 171 131 38 171 218 132 94 242 162 69 94 200 116 72 95 86 65 246 222 49 228 77 11 36 149 30 149 2 113 113 226 245 55 124 18 105 238 129 35 153 25 43 228 73 177 209 213 230 129 141 152 220 96 80 94 63 14 236 212 122 235 147 47 239 116 91 46 81 160 151 164 40 112 101 74 67 147 103 37 25 64 255 77 44 140 71 156 104 104 126 243 21 96 61 223 232 95 175 76 154 75 59 221 18 21 108 237 217 17 98 173 2 178 99 180 226 5 50 19 84 90 195 162 119 94 101 101 34 59 155 96 41 200 4 105 114 2 179 168 133 181 231 100 31 33 161 196 192 63
211 78 53 63 162 95 7 162 73 234 117 196 221 86 48 0 181 10 189 86 255 173 164 75 42 227 187 87 38 110 158 180 194 177 90 115 124 225 70 168 219 9 75 40 64 128 68 142 20 141 141 186 97 125 25 16 199 92 235 16 230 129 215 40 240 225 73 184 176 97 136 238 249 210 34 96 195 58 209 174 246 178 176 228 40 22 239 139 240 15 137 229 160 131 72 255 38 187 250 243 62 73 77 242 75 112 93 52 229 208 138 175 168 7 74 69 218 81 11 215 86 106 33 236 115 124 25 10 75 27 55 122 94 23 218 243 56 27 109 130 150 162 20 255 176 113 65 35 115 65
55 223 254 248 105 132 109 142 32 224 237 79 128 148 116 55 73 149 199 123 35 110 71 179 128 153 139 186 115 144 189 0 94 182 187 236 27 13 198 113 236 199 90 193 212 130 160 28 22 203 92 212 24 25 116 235 220 203 88 187 178 109 149 73 59 150 219 172 38 34 121 229 99 87 9 232 209 50 2 31 149 146 110 53 162 94 128 85 87 81 192 66 0 224 91 9 165 190 91 221 204 69 69 114 46 185 151 88 241 34 197 250 136 237 117 64 80 169 248 72 223 224 204 21 28 83 16 202 222 171 102 243 169 194 51 184 234 129 10 117 151 190 4 85 136 132 137 28 214 21
41 115 33 145 220 155 229 205 129 21 206 197 17 93 116 168 145 160 93 62 141 176 54 229 204 248 149 180 231 224 8 47 46 235 113 31 204 65 205 218 231 203 197 83 168 67 190 27 197 187 123 111 99 143 181 45 41 39 8 243 60 228 134 135 253 143 45 136 86 238 176 94 253 206 24 150 84 63 133 46 45 81 184 166 100 143 99 11 119 133 184 211 37 62 30 243 186 237 105 188 202 94 122 123 241 187 72 181 72 139 202 200 145 113 54 184 161 219 38 134 43 181 133 89 255 82 233 204 71 29 255 98 128 9 102 146 113 0 43 35 73 65 209 6 145 228 101 213 131 237
0 129 59 168 202 136 250 127 137 1 205 18 181 62 34 122 250 232 40 150 143 196 76 129 172 133 201 7 203 165 165 19 89 47 226 20 89 194 206 168 110 171 100 185 102 105 173 209 157 55 114 41 59 19 39 205 73 96 139 252 158 86 204 23 141 0 17 222 198 76 57 47 47 44 3 138 253 68 201 97 136 23 38 55 1 147 108 46 120 81 101 182 208 187 53 237 245 116 125 234 27 85 217 106 87 92 241 180 227 135 212 239 187 255 10 21 39 115 234 20 159 204 94 19 119 41 46 245 237 26 92 195 225 221 206 224 54 242 187 113 239 101 4 226 244 128 247 99 99 124
109 251 54 123 84 171 177 72 231 94 173 221 184 92 20 6 41 222 49 6 179 181 223 26 148 2 138 218 105 131 139 65 0 20 238 58 196 217 87 40 93 10 68 69 223 149 59 63 230 188 58 53 4 225 101 34 244 160 98 188 172 15 237 159 125 239 32 89 81 115 2 46 44 44 250 82 254 104 248 107 149 156 107 32 51 68 55 247 123 56 98 97 210 91 180 137 174 107 112 242 242 256 184 126 186 198 186 158 221 198 72 184 128 114 139 100 48 121 77 168 252 195 221 73 84 172 229 24 55 197 109 151 21 227 226 188 72 192 232 95 185 159 201 92 152 212 189 193 159 44
245 81 103 197 219 3 113 103 253 82 77 221 86 255 85 113 229 6 182 23 0 118 175 242 5 86 0 36 187 179 89 94 240 250 20 116 224 139 208 252 210 212 110 168 72 78 148 254 70 251 237 32 87 172 2 89 31 102 146 188 78 173 152 149 52 58 34 126 108 180 123 51 104 238 86 107 13 14 239 219 221 168 28 108 152 115 136 155 75 173 241 35 55 249 143 200 98 140 203 39 32 53 74 194 197 123 154 256 188 126 77 244 92 209 129 117 188 131 25 12 155 61 62 8 151 251 150 55 28 163 249 217 199 194 37 168 245 36 225 211 39 236 195 204 136 82 116 197 157 234
58 129 239 207 234 210 170 190 17 48 109 80 38 144 133 99 186 162 238 94 29 128 122 146 32 2 40 249 21 160 168 156 55 32 53 234 100 73 32 65 126 71 246 240 218 165 107 182 229 177 17 20 14 97 49 249 175 218 174 158 95 244 171 146 77 57 68 78 229 60 38 214 46 61 5 193 42 187 74 56 55 42 218 205 59 157 222 119 1 126 5 198 144 73 48 97 82 242 141 34 218 30 102 107 24 43 117 240 225 6 248 203 123 255 166 204 46 40 162 97 227 168 65 126 44 178 2 122 56 161 181 66 130 8 224 69 112 96 85 219 125 152 137 136 199 70 132 49 34 91
137 101 199 228 149 178 114 190 170 161 235 65 180 2 179 71 55 170 162 115 56 137 127 114 72 193 95 47 65 109 103 244 219 245 192 43 148 48 144 81 124 245 173 113 35 150 59 146 136 200 18 141 129 54 227 43 19 28 187 93 38 127 221 232 197 81 23 106 64 215 221 69 129 46 162 165 113 236 60 210 73 51 165 180 86 8 73 64 132 51 123 42 160 20 7 253 219 48 140 236 125 231 193 86 196 198 227 140 146 166 241 122 205 75 208 228 233 5 17 172 55 63 37 153 223 223 90 114 178 227 117 176 178 59 241 160 151 42 186 68 74 149 192 244 208 249 169 154 117 122
124 197 21 138 2 132 228 77 176 2 222 135 170 108 196 24 177 128 251 11 0 4 145 243 63 10 28 189 68 148 161 157 236 66 35 220 33 112 94 120 99 223 89 215 53 38 207 65 225 138 52 241 241 14 236 195 200 105 79 48 19 14 158 128 200 203 235 7 160 71 49 11 44 244 4 129 8 155 66 114 0 185 138 149 2 118 237 215 161 157 233 250 23 192 231 183 248 147 113 178 107 55 51 30 14 52 40 110 227 249 143 26 222 161 58 193 95 134 196 102 93 72 120 130 167 171 0 45 8 173 230 252 45 241 40 70 134 14 18 218 253 35 82 55 137 86 101 96 134 187
209 89 6 107 11 10 110 54 63 219 78 202 232 50 25 242 117 94 246 18 121 232 218 238 71 140 55 229 25 240 226 40 232 69 114 201 161 153 31 127 222 41 83 5 134 48 81 4 91 253 93 231 175 148 30 116 91 23 47 37 180 75 90 72 183 195 115 135 35 110 84 97 202 205 117 144 81 217 100 191 241 199 116 6 118 161 98 194 146 94 195 93 49 55 212 77 8 248 58 98 182 87 157 110 208 185 250 203 200 197 214 256 20 79 197 165 78 92 172 240 15 197 254 132 11 108 128 216 167 225 173 185 161 54 79 91 4 69 59 88 174 84 0 209 93 113 124 126 45 54
235 183 156 139 120 104 246 109 201 237 199 216 74 116 101 32 197 0 190 246 95 10 253 158 12 68 128 139 42 135 180 129 201 10 222 189 17 105 72 202 175 153 178 147 254 1 127 103 217 147 95 232 147 52 91 16 232 15 163 130 95 247 149 70 97 209 13 197 84 184 76 49 83 122 98 167 68 198 228 6 228 14 195 169 111 23 44 163 165 143 83 192 238 230 46 101 179 113 32 198 222 92 190 52 85 128 33 126 73 145 22 255 121 139 13 52 12 52 131 0 44 87 87 157 43 72 54 118 136 207 188 103 98 222 225 253 194 177 115 2 106 135 67 224 106 97 54 233 252 158
99 89 157 152 127 211 194 168 47 197 62 105 231 59 228 67 2 34 36 219 39 69 120 12 206 246 145 94 70 74 249 237 239 2 233 222 61 192 102 186 219 84 187 15 17 160 115 165 107 188 26 165 74 99 102 37 206 9 166 151 201 181 31 78 220 57 123 108 203 108 220 10 128 251 58 80 179 79 104 18 63 166 241 72 38 27 200 94 26 146 121 102 83 73 137 226 227 49 2 177 86 101 124 11 40 93 32 1 144 170 129 107 219 14 226 198 67 43 4 211 25 190 229 31 154 8 150 67 11 131 71 89 160 256 173 92 166 161 112 198 161 12 41 90 106 221 237 21 131 64
33 16 0 67 209 68 90 37 99 248 72 194 203 52 73 34 217 174 61 128 137 205 60 223 145 125 186 37 118 98 124 70 4 232 179 154 149 72 51 139 92 48 55 226 254 136 128 107 38 173 237 54 136 134 28 15 79 208 143 242 9 27 133 213 15 88 147 4 61 5 189 45 120 189 194 189 129 57 180 238 137 57 79 87 216 4 171 174 148 247 235 21 110 177 25 214 227 222 225 173 161 177 91 235 161 222 69 222 21 52 214 230 54 215 124 243 40 208 202 233 195 176 31 246 134 25 119 218 160 151 230 255 173 166 188 241 52 164 227 132 216 181 56 247 158 253 67 96 249 132
90 139 236 95 9 240 47 37 184 9 120 131 47 15 69 138 156 181 79 118 41 88 117 99 48 74 60 56 204 3 92 177 153 19 253 232 141 234 233 155 9 31 13 2 136 182 46 73 55 41 23 103 206 131 154 43 204 227 14 9 171 185 33 66 123 244 171 43 119 10 87 36 76 239 39 101 232 65 251 199 214 69 82 181 12 116 255 165 131 127 88 78 223 76 219 252 9 234 190 117 145 75 198 84 197 191 150 197 99 32 108 206 168 14 70 19 87 166 29 40 62 41 23 255 99 143 103 71 123 248 188 22 121 158 233 112 17 227 36 142 34 196 184 96 12 214 116 23 113 171
116 33 163 248 59 210 3 128 47 20 246 154 85 144 210 203 130 232 237 122 248 253 210 68 98 162 228 48 138 141 189 133 108 121 251 124 250 157 191 143 77 104 58 123 14 189 229 205 62 121 229 139 62 138 195 162 20 3 162 21 224 150 247 110 170 162 63 119 109 69 167 97 178 201 180 246 73 223 240 50 49 44 80 226 104 209 190 149 215 125 26 1 125 149 238 71 171 210 7 21 94 248 245 38 124 200 39 99 41 224 228 114 215 235 85 103 74 69 219 229 204 209 27 70 48 194 153 58 62 183 122 149 66 174 246 184 64 80 208 160 109 151 93 234 157 129 175 106 64 247
224 13 47 104 206 204 206 98 195 136 76 87 184 249 256 182 202 196 46 179 13 170 226 186 120 184 124 235 175 48 74 69 243 56 125 201 96 47 234 225 50 60 9 69 32 243 180 234 253 209 211 133 176 26 235 0 144 62 203 219 208 80 121 207 114 171 116 182 219 214 145 183 39 223 196 144 218 135 9 139 90 77 31 202 20 156 157 85 215 24 131 65 163 149 96 109 132 244 26 195 228 239 145 81 234 195 180 241 22 33 70 151 144 145 237 106 136 48 115 53 9 64 106 72 29 157 212 175 35 162 126 251 136 110 149 198 227 130 163 206 89 239 181 92 154 139 0 204 57 86
35 203 31 143 52 153 210 99 39 94 229 250 17 13 75 0 214 13 131 117 199 77 208 143 204 247 42 41 6 193 69 55 121 171 206 170 68 80 79 94 233 43 254 13 242 251 36 254 141 69 169 81 75 122 65 226 27 254 7 34 67 227 231 148 199 18 133 154 133 183 177 139 243 188 62 21 209 252 170 80 46 138 43 34 61 170 206 107 170 120 31 42 103 64 250 178 180 62 162 27 183 202 187 240 70 225 209 168 214 70 149 77 164 238 57 134 234 17 243 126 62 133 3 162 145 180 33 215 128 137 42 209 101 41 26 227 14 55 209 202 70 87 10 170 20 13 25 52 55 22
254 8 42 141 189 142 30 107 55 73 141 215 46 163 98 204 224 234 202 59 125 56 103 255 51 20 51 225 75 172 208 118 119 0 15 41 166 101 11 19 92 9 254 1 18 3 188 74 13 190 84 236 238 193 14 106 41 1 129 150 165 122 237 3 190 32 7 5 112 9 157 97 48 58 129 128 8 207 165 112 66 104 147 3 34 159 25 46 171 90 220 221 216 232 38 217 121 50 206 135 167 10 104 91 31 111 4 179 8 114 50 175 135 206 101 24 72 133 30 222 224 110 33 78 87 251 62 145 219 207 29 112 38 91 238 157 111 20 56 129 51 147 158 243 249 226 179 106 161 210
66 64 14 80 128 213 98 129 239 71 219 112 21 141 98 176 83 211 241 78 25 184 149 251 205 102 69 110 245 71 108 27 227 210 223 251 57 51 68 159 244 184 96 128 249 148 207 180 119 182 182 212 253 79 105 0 22 21 124 180 228 99 157 14 195 91 119 0 5 226 177 226 90 11 129 100 18 163 179 35 243 18 199 150 94 21 256 187 104 105 3 174 147 231 112 118 39 55 141 206 4 83 173 226 61 138 203 134 15 40 163 108 46 60 49 217 126 75 103 255 0 113 198 220 134 150 119 124 20 87 24 240 20 187 105 9 219 245 45 243 10 12 213 130 126 144 157 183 33 223
110 79 124 233 172 205 159 122 235 64 193 27 151 37 163 135 175 171 147 89 240 97 17 117 4 224 57 78 68 184 207 184 221 81 124 54 60 119 203 27 129 182 236 91 118 57 139 154 151 213 222 62 244 156 104 161 21 180 162 178 163 30 221 252 129 165 102 62 182 15 21 44 190 187 205 144 87 13 74 103 215 128 110 68 46 238 126 236 71 208 100 141 163 222 166 170 80 67 0 2 115 25 166 237 65 175 173 215 97 90 73 155 13 54 196 105 69 35 6 15 27 23 166 204 111 5 165 159 75 101 217 196 200 135 251 236 45 95 254 46 220 6 29 106 205 195 26 251 39 204
139 25 46 104 217 155 3 81 58 83 136 36 138 39 252 42 192 160 85 3 229 180 115 223 115 1 169 114 255 245 219 158 94 124 90 243 165 235 105 190 132 220 25 169 209 140 221 213 119 15 28 195 175 254 141 174 130 253 201 169 14 36 216 73 43 116 193 28 81 240 167 39 67 152 244 232 193 10 117 229 218 86 67 241 140 99 120 106 199 207 49 145 200 61 94 134 17 197 178 167 95 204 223 68 37 44 20 153 206 145 250 229 71 215 67 205 167 126 43 143 219 100 206 164 148 130 34 202 178 13 188 198 46 216 74 156 145 245 165 118 73 239 65 40 1 193 220 55 70 210
70 141 127 164 142 129 8 166 140 80 239 77 171 5 215 97 26 180 142 70 230 134 155 60 213 174 63 113 11 210 186 254 54 8 59 130 14 150 42 148 59 176 82 250 108 77 107 88 245 201 83 108 256 228 119 98 110 82 110 172 61 219 135 56 151 79 150 20 217 197 168 171 34 241 198 77 137 250 191 202 95 234 26 231 38 169 6 51 200 76 99 93 33 237 129 238 10 70 23 82 122 236 198 254 110 64 28 87 99 217 34 151 18 218 228 240 26 105 52 136 67 162 181 231 101 173 14 240 234 220 19 213 239 153 30 255 44 118 75 31 199 153 42 110 214 169 231 169 159 44
141 193 256 176 138 213 248 98 232 244 30 182 235 37 242 93 62 63 38 60 197 54 215 196 35 237 190 12 246 35 61 23 168 221 11 211 192 102 102 104 98 77 238 233 134 122 186 138 157 75 54 203 35 121 177 144 66 163 7 68 58 169 208 240 85 99 222 68 18 191 170 70 100 220 3 10 45 73 126 150 146 219 223 164 64 112 196 196 9 150 75 79 65 166 123 167 84 211 70 8 143 129 69 103 54 213 124 168 84 87 148 173 34 5 32 141 187 125 83 114 117 38 119 16 248 210 204 77 79 92 207 189 27 71 97 112 250 103 44 220 228 15 110 222 157 114 96 96 119 248