32
136 78 75 209 211 53 229 63 192 124 158 233 59 188 30 45 207 75 109 165 46 230 127 206 243 149 70 40 228 204 255 57
217 27 161 241 201 115 227 22 148 138 154 36 130 46 136 235 70 188 86 19 15 97 212 55 66 84 9 71 126 189 245 245
197 24 213 249 169 97 117 20 238 189 216 81 33 7 165 29 178 107 205 134 87 129 243 224 116 119 137 248 19 149 152 218
58 119 185 213 17 127 43 101 22 191 189 139 123 82 34 186 164 63 136 171 91 248 96 6 103 7 244 228 32 208 4 4
8 185 74 3 84 72 1 215 115 60 186 254 233 12 107 222 176 64 134 243 97 244 220 167 183 95 178 114 93 0 109 206
89 121 160 155 153 43 247 176 0 255 165 246 196 255 196 221 14 11 94 104 213 14 23 116 147 169 212 78 145 72 50 97
143 246 175 233 234 36 232 174 83 157 99 194 57 96 191 72 64 73 238 54 194 60 237 179 256 36 57 79 81 22 61 156
10 176 243 187 40 251 47 100 123 19 80 116 194 37 149 22 134 14 154 101 58 156 79 107 67 177 53 147 149 29 135 149
65 13 122 218 164 242 221 133 91 248 82 73 24 232 184 160 161 153 225 227 28 151 210 65 209 227 254 32 197 197 3 254
0 141 247 213 160 216 250 68 73 91 199 107 162 15 222 51 99 85 92 129 240 50 38 31 254 110 234 206 104 104 139 16
98 231 61 216 85 195 33 169 235 227 5 241 220 251 63 70 201 60 193 224 238 158 32 204 77 231 145 76 256 142 186 140
59 110 233 207 60 59 24 158 197 173 40 182 126 52 159 89 229 180 194 251 159 101 233 96 102 181 187 51 158 75 154 82
135 163 69 164 230 125 228 24 54 28 228 138 209 149 32 99 184 216 189 179 250 118 88 194 5 43 176 200 216 246 180 186
218 158 68 185 92 117 99 86 153 235 145 19 193 255 67 187 67 134 108 88 22 161 9 75 159 234 161 168 141 108 207 223
30 125 28 102 208 215 98 168 254 89 131 12 25 197 55 192 20 66 88 192 138 255 14 229 175 203 108 90 249 46 216 39
194 223 147 112 68 26 23 68 144 129 22 0 77 101 95 188 191 244 123 153 120 128 126 5 128 19 134 253 2 8 117 29
230 103 191 4 183 92 214 195 27 66 113 159 35 102 232 24 25 38 229 101 176 197 142 161 67 217 65 52 73 246 163 140
169 220 127 165 129 159 218 166 60 165 142 86 187 190 107 150 59 167 119 205 21 31 193 75 56 232 218 200 9 40 21 152
166 64 96 109 231 52 115 211 178 173 95 179 196 190 161 238 122 61 29 62 242 19 227 71 173 29 178 132 69 27 90 229
184 144 182 246 168 181 100 87 24 78 72 191 157 246 32 128 46 56 206 250 235 51 47 209 225 129 230 8 117 237 94 170
152 64 89 148 172 62 153 203 244 168 56 40 173 144 82 237 116 97 6 158 204 224 4 15 35 231 170 112 225 161 168 55
12 20 196 187 21 199 214 219 155 227 32 88 125 162 27 70 55 49 151 194 43 126 238 177 124 19 225 104 55 43 132 141
104 210 147 89 75 241 91 193 249 254 79 157 241 252 196 184 161 56 49 55 43 194 218 117 110 216 45 252 18 4 232 89
43 245 215 223 253 121 145 84 235 221 254 252 107 84 14 183 122 109 197 202 28 91 59 49 42 227 39 107 49 125 173 209
217 47 225 43 178 44 243 239 92 69 205 204 217 65 247 196 235 78 151 108 82 54 225 204 221 140 155 81 216 232 138 1
114 35 5 66 60 41 225 238 126 5 168 190 214 169 10 190 4 69 133 184 116 225 108 64 243 153 36 52 146 89 161 135
62 126 101 117 231 86 216 40 234 139 165 119 256 171 77 151 250 66 238 237 129 0 17 3 222 156 5 69 111 202 175 172
88 56 234 201 1 162 195 151 139 99 227 121 12 24 32 32 127 96 175 170 213 209 198 135 195 110 13 52 59 113 218 67
164 145 120 0 61 98 83 225 47 170 64 127 247 176 131 142 189 115 173 174 163 199 223 152 241 229 158 187 165 77 254 134
185 195 241 245 117 92 113 157 127 156 183 61 124 256 187 116 32 129 115 223 234 124 213 19 226 171 177 42 214 178 189 125
11 176 186 229 236 125 108 118 51 119 8 26 54 108 119 211 71 21 173 203 140 149 185 43 249 6 166 5 93 57 240 50
214 166 208 66 187 91 164 83 205 23 66 35 218 162 98 91 49 140 9 98 256 55 61 248 0 90 47 190 68 249 204 137