32
39 249 33 139 34 1 204 227 51 13 186 144 195 128 236 66 209 131 144 53 12 60 228 202 223 69 79 248 231 246 81 44
6 24 106 99 150 227 146 23 200 124 10 234 157 15 24 20 166 243 25 107 85 164 110 55 114 11 28 109 89 188 127 94
60 252 199 135 98 72 243 75 32 221 64 168 209 187 184 254 111 39 99 246 15 94 170 84 225 237 188 34 4 120 7 65
91 79 7 227 141 129 194 179 247 22 210 173 62 179 37 10 160 199 156 206 238 231 222 46 32 210 36 151 47 19 122 0
137 98 231 28 22 20 120 43 208 62 206 149 44 48 81 165 208 22 136 213 159 239 36 83 149 101 189 90 71 169 172 167
59 62 243 142 80 62 105 79 17 222 79 2 93 86 94 29 39 54 133 67 169 176 7 170 240 175 129 56 201 173 97 84
208 42 96 97 222 149 253 189 137 197 150 23 239 139 91 152 58 55 254 34 65 99 135 254 121 123 70 227 83 237 195 100
14 160 10 199 149 36 123 110 240 2 255 246 188 187 149 242 98 134 104 128 81 113 238 154 162 24 215 152 252 222 145 98
241 122 108 225 145 237 69 120 156 64 233 141 168 19 241 215 171 148 5 127 124 219 70 20 10 218 1 8 173 28 241 211
93 50 103 89 130 22 49 156 165 57 133 233 34 237 184 220 234 220 30 63 252 26 70 30 251 211 45 162 103 93 166 177
136 180 16 173 180 21 215 163 7 238 202 175 199 90 169 187 239 215 119 61 203 163 234 9 127 242 59 127 229 150 90 175
96 196 133 209 51 221 83 211 53 169 195 204 158 248 160 162 133 53 68 134 92 94 205 209 136 203 83 23 23 30 11 16
40 1 37 36 222 169 178 164 127 108 49 181 219 147 149 16 54 16 44 142 78 123 218 47 144 181 143 117 231 184 19 25
225 4 167 43 182 225 153 155 154 22 21 139 138 145 120 154 33 208 256 10 126 138 81 205 68 195 70 46 252 83 165 38
57 36 170 181 125 20 216 120 168 116 63 43 202 221 40 51 152 239 38 208 160 73 108 91 109 65 243 133 98 60 105 223
97 108 106 29 19 206 154 109 82 254 55 231 124 108 186 157 209 230 118 124 244 178 207 242 163 101 67 150 122 88 85 248
45 95 66 181 105 8 132 226 64 105 231 249 129 172 74 197 140 24 22 141 51 17 192 28 127 88 98 106 234 109 91 168
196 11 58 193 56 76 90 119 51 26 148 119 30 181 68 21 201 231 54 209 180 81 83 157 245 55 121 25 161 40 117 5
245 110 85 92 170 47 74 106 14 216 21 216 44 111 205 177 119 170 199 62 121 207 77 251 209 162 241 52 105 188 80 101
234 182 145 227 146 124 172 139 147 28 137 182 167 171 9 80 57 84 114 236 215 45 182 207 72 31 172 77 10 225 226 55
232 227 175 232 177 249 109 84 138 196 178 203 245 249 251 238 134 232 76 149 73 81 141 40 100 19 104 154 73 108 202 83
134 127 66 192 137 40 63 142 164 171 68 154 22 84 236 192 8 129 66 165 245 112 104 80 229 133 208 42 12 198 46 38
248 173 54 23 13 198 65 75 49 11 147 188 11 231 69 222 138 151 165 158 80 250 15 253 31 103 1 213 12 144 227 140
151 147 167 166 31 256 49 87 42 133 146 155 230 58 224 235 248 29 150 218 115 115 245 130 91 185 39 85 43 200 4 21
84 97 24 135 47 9 216 41 249 201 197 180 52 226 238 0 37 14 177 84 179 247 133 51 121 107 167 17 118 175 70 7
7 131 167 101 152 90 162 16 48 252 167 38 190 50 249 231 203 74 16 56 51 231 226 213 200 89 175 209 140 134 106 192
187 61 79 201 94 17 136 231 196 207 80 208 222 15 173 149 255 100 112 253 109 130 118 94 41 4 140 35 157 142 230 163
156 146 57 51 31 55 175 33 55 62 136 149 230 171 90 167 142 186 189 215 50 49 51 135 191 197 239 219 65 133 113 54
103 182 88 160 170 74 23 198 85 186 92 34 197 202 6 167 163 246 231 210 194 130 204 118 58 182 230 112 152 113 123 248
83 168 234 252 187 108 245 25 62 135 231 183 191 16 104 10 229 39 58 154 232 0 227 12 65 143 232 63 181 40 122 110
201 137 191 29 59 77 248 19 13 197 218 255 114 112 254 254 32 138 147 122 4 125 129 28 77 122 20 120 116 174 120 145
244 249 195 224 229 92 0 168 92 124 210 143 32 29 19 2 77 63 111 58 18 218 140 102 57 13 141 127 64 56 80 120