64
142 17 236 159 88 231 247 156 55 134 127 249 198 88 163 114 172 167 222 228 141 28 119 122 137 109 185 251 110 224 158 97 88 173 107 43 229 79 60 167 160 4 29 198 95 196 241 61 203 43 227 125 14 219 53 123 16 133 192 105 225 57 92 169
89 38 132 119 188 108 123 217 63 254 256 77 17 112 64 121 21 219 211 95 152 83 7 178 72 39 208 186 168 231 146 130 165 180 220 162 6 18 16 36 119 205 6 141 36 194 189 40 165 129 168 124 112 70 161 236 19 110 25 27 48 236 200 156
101 150 81 104 80 234 218 99 159 74 112 176 206 147 24 158 162 67 178 161 120 31 242 96 63 130 54 59 250 83 110 250 32 229 77 102 53 16 54 38 205 78 254 130 180 238 125 218 33 51 122 175 114 89 34 151 34 18 130 170 150 229 153 88
214 135 9 46 191 128 189 106 192 67 161 6 128 71 45 42 64 8 54 186 190 150 143 6 7 158 200 29 223 207 248 120 199 26 223 28 116 123 249 145 124 224 125 91 86 103 157 82 40 211 241 37 117 197 34 41 98 22 212 6 82 238 157 242
234 100 196 60 170 237 14 21 127 169 86 114 21 199 211 77 129 121 4 162 174 166 104 108 38 234 178 40 238 66 87 118 253 83 172 18 4 22 53 117 141 19 190 221 35 11 179 148 201 232 105 198 242 193 87 114 82 23 76 132 137 256 226 54
101 117 180 111 254 126 64 67 75 16 58 200 59 119 73 102 99 88 43 181 68 122 117 108 173 228 109 236 192 149 57 254 149 76 186 217 203 249 57 182 228 202 170 114 120 154 225 115 107 140 14 231 159 248 243 73 215 214 156 128 174 23 94 68
256 159 45 232 232 28 235 46 205 79 201 165 145 252 64 249 171 238 1 256 43 111 146 194 155 232 8 227 148 198 208 176 201 155 10 43 213 195 119 250 119 70 106 89 129 162 199 4 36 197 218 1 123 183 116 239 18 28 74 86 188 54 188 165
251 139 31 119 160 171 184 52 126 187 113 171 158 12 221 197 157 187 234 179 87 123 38 253 177 69 253 189 150 68 9 144 137 165 15 19 81 130 231 68 174 56 204 143 136 131 217 93 15 16 131 61 239 88 121 118 156 58 244 223 56 215 247 67
161 100 121 174 251 161 61 87 201 57 180 179 235 78 33 94 39 205 217 180 97 163 247 2 33 20 22 57 74 7 142 123 88 189 244 253 47 209 11 162 177 181 238 148 69 128 246 54 137 91 140 126 67 102 71 146 252 156 69 82 217 227 167 157
23 179 239 102 145 92 209 83 235 188 249 171 250 40 184 191 71 171 159 164 3 209 42 49 228 121 108 95 218 8 97 97 128 236 184 235 168 150 215 113 115 183 127 3 58 204 230 209 195 107 170 141 6 199 236 125 3 50 179 116 56 225 70 193
58 37 46 178 12 142 60 108 129 122 232 117 225 55 125 114 82 172 160 245 119 67 58 252 88 46 194 145 43 88 34 110 117 1 128 12 36 10 222 241 63 253 237 127 130 26 176 250 143 41 131 158 28 252 174 171 184 200 189 41 195 176 213 202
10 49 18 6 162 96 194 118 83 113 80 30 232 206 17 86 62 105 226 177 54 238 98 211 24 19 24 157 48 99 90 243 190 229 153 116 109 106 197 160 116 131 157 97 201 1 170 169 106 140 81 249 191 54 73 111 115 126 166 103 211 90 188 19
37 48 159 88 182 70 166 200 19 12 28 57 105 161 35 19 244 26 137 65 145 166 8 108 237 63 14 108 187 249 4 52 219 123 141 231 11 165 165 28 76 12 58 40 162 167 178 15 134 214 32 255 124 168 244 91 164 109 76 63 161 118 88 61
210 240 89 202 204 84 73 63 219 185 197 63 38 176 144 150 216 160 114 57 177 29 175 94 111 96 97 56 138 100 120 247 189 61 42 169 143 123 171 195 32 31 2 243 72 213 231 76 3 34 250 247 82 165 140 187 183 60 145 251 180 49 117 241
122 124 218 195 27 129 65 54 77 91 221 85 164 103 106 116 253 215 196 122 15 182 62 141 247 173 255 154 137 147 244 72 48 249 95 148 122 37 124 1 155 139 100 94 122 164 46 233 32 242 192 106 218 31 46 134 59 159 249 104 25 190 127 63
198 137 42 87 20 242 56 91 100 129 187 16 102 153 246 65 64 169 14 151 156 103 7 200 219 12 111 194 160 82 155 101 99 219 255 172 2 248 44 127 173 163 249 36 26 36 144 201 215 51 79 41 211 233 146 94 245 113 79 40 255 216 179 242
140 213 21 168 212 6 105 160 68 5 230 178 81 87 252 196 212 181 226 71 95 155 91 196 79 34 178 133 149 59 144 201 94 58 86 142 60 229 61 0 175 149 228 202 224 78 227 43 184 61 32 11 106 58 81 82 168 193 238 106 210 52 127 125
57 186 46 53 15 211 172 54 205 21 195 160 70 145 24 170 225 225 214 189 209 41 95 175 149 193 49 157 63 46 19 220 93 232 95 192 147 204 122 53 181 241 101 234 219 72 250 38 73 254 0 142 217 20 81 246 168 37 138 251 231 24 4 192
145 23 159 74 211 1 35 27 74 89 76 69 26 113 66 45 137 206 75 68 37 60 54 148 45 157 148 39 73 136 8 70 149 230 195 116 222 180 119 29 90 233 93 229 98 156 194 35 88 195 248 30 41 256 49 21 31 136 131 230 168 64 199 182
252 176 160 7 43 252 220 63 15 18 210 26 18 8 246 237 203 26 208 20 73 200 77 93 4 115 201 174 123 196 28 129 110 242 82 5 4 71 12 210 148 73 109 31 48 59 52 254 83 115 170 235 190 9 147 202 127 90 202 83 19 206 31 82
221 45 38 47 229 127 215 95 158 152 62 31 210 43 2 119 144 66 169 138 13 117 99 118 205 244 154 42 133 253 169 88 68 256 35 37 143 208 100 193 173 138 39 188 144 214 85 191 102 181 98 87 63 54 212 118 216 67 168 91 75 50 151 59
252 182 174 53 127 223 208 123 70 146 190 32 207 137 117 107 87 176 146 39 248 122 249 93 51 109 3 109 148 17 104 115 41 174 87 235 243 120 181 67 124 187 124 238 249 179 227 145 212 232 133 120 175 44 203 207 112 154 156 29 48 252 3 222
202 235 79 229 47 9 7 89 43 251 32 34 163 58 53 241 158 34 31 89 255 243 9 105 102 184 19 169 172 237 162 137 241 134 38 42 167 38 2 247 188 188 147 217 135 58 165 26 69 126 13 224 189 154 66 124 256 241 204 77 37 234 78 216
235 66 133 7 140 195 60 55 181 154 30 205 196 96 163 224 98 94 246 29 210 133 111 67 158 77 173 102 185 40 102 41 104 102 134 166 206 89 117 61 205 106 1 147 206 96 31 82 244 112 243 173 30 141 36 23 14 90 24 158 105 81 172 146
149 90 21 101 3 44 63 256 153 156 111 24 104 99 12 160 229 75 223 214 3 256 10 73 218 4 87 134 30 160 140 155 249 134 97 148 116 239 146 59 204 237 221 33 48 67 190 61 129 63 156 66 218 180 45 46 151 150 156 4 212 256 38 41
53 192 209 199 104 32 246 47 199 21 252 152 200 53 135 138 95 181 211 152 113 174 104 194 143 209 118 201 33 46 79 153 210 19 129 120 229 181 137 172 9 237 80 150 97 146 178 211 255 54 153 236 151 71 46 183 191 177 137 6 64 63 117 184
28 112 52 57 58 226 93 154 196 26 84 65 115 29 5 149 230 99 11 100 32 135 60 13 180 101 206 221 123 13 92 72 158 239 167 184 92 128 22 138 203 115 165 105 28 148 191 247 176 248 81 21 212 142 173 93 248 202 213 71 149 184 161 240
93 85 240 146 159 128 19 223 138 24 129 196 66 17 34 97 186 177 44 162 152 242 144 107 100 10 146 132 246 96 99 229 110 183 13 55 181 153 140 0 251 116 188 106 186 239 160 58 64 123 243 66 97 22 39 28 117 75 113 212 101 4 146 231
143 202 240 26 240 206 92 200 91 118 228 5 243 234 84 202 30 7 35 243 149 137 107 208 113 245 119 205 37 108 107 166 196 190 242 93 77 178 17 219 210 210 217 119 52 191 255 85 125 252 150 159 78 70 240 49 130 165 121 158 41 99 72 134
89 155 72 101 117 47 64 31 35 122 90 204 143 146 222 23 21 9 227 50 164 160 119 159 61 176 80 159 123 233 172 38 125 240 189 251 5 253 175 60 230 91 151 125 72 94 206 96 147 233 164 87 174 188 219 179 61 157 20 255 102 61 133 94
206 201 59 86 82 30 67 65 62 252 84 21 188 205 117 1 92 204 202 31 3 244 178 160 128 147 4 234 13 159 214 163 133 136 101 203 138 166 228 81 235 165 116 11 162 64 4 99 43 72 41 136 87 164 160 50 133 69 212 67 50 47 8 244
9 253 142 49 111 121 94 78 32 64 113 162 144 34 245 237 246 170 36 143 172 19 236 115 97 81 185 33 25 97 102 24 15 232 100 241 139 44 102 75 237 87 198 152 206 178 164 199 138 58 126 108 225 219 87 169 104 5 134 148 32 187 112 248
56 4 54 19 97 220 19 165 128 250 214 27 30 75 27 193 126 134 43 40 208 86 100 242 247 55 117 28 24 250 188 231 185 111 54 131 37 25 183 159 206 190 144 197 49 150 125 154 118 226 188 91 218 256 169 69 73 196 57 45 159 212 147 133
85 185 40 246 163 117 115 213 92 159 28 4 3 20 172 74 137 21 241 17 136 44 86 247 49 139 215 102 158 248 222 222 217 242 167 135 139 47 181 143 227 25 253 127 31 106 229 21 145 206 214 64 238 82 235 60 160 87 169 43 122 86 26 125
224 208 71 61 197 201 228 227 63 199 178 191 149 3 1 16 100 98 64 162 177 61 225 84 177 236 225 211 104 92 180 67 19 43 93 105 81 62 34 172 11 85 22 132 73 159 234 218 247 181 228 88 69 100 86 12 23 103 225 222 171 154 162 24
221 71 125 168 254 222 51 171 16 56 73 247 181 196 95 125 148 116 45 72 83 232 232 132 62 128 186 15 223 0 90 20 226 37 128 231 158 113 30 138 251 59 54 93 147 160 166 65 3 175 74 163 181 70 99 208 112 195 234 74 239 228 48 216
248 89 175 74 30 116 216 5 151 98 221 231 54 245 111 22 181 113 165 62 26 131 97 75 62 76 171 150 48 138 150 0 132 195 13 75 13 74 254 224 50 49 134 166 199 72 33 251 82 159 41 106 117 99 216 106 191 217 145 45 102 251 91 62
112 146 82 54 34 237 110 226 198 115 139 47 152 89 35 135 44 193 40 137 14 153 134 36 126 53 38 159 220 224 53 33 65 169 239 96 148 145 128 227 45 235 158 6 182 228 125 50 30 85 228 152 208 110 150 196 70 137 158 66 76 193 136 27
212 55 124 203 139 171 53 145 21 189 50 81 159 152 39 236 148 220 159 115 154 68 85 188 225 136 57 224 201 42 92 236 186 62 136 161 137 121 12 186 251 191 213 210 97 252 35 192 169 215 71 31 248 0 227 170 90 147 71 1 237 198 102 25
98 153 56 184 61 88 237 98 86 255 226 177 139 141 6 186 236 48 200 82 215 75 161 30 243 142 21 44 55 59 248 19 20 77 63 181 218 203 152 104 98 228 52 124 193 88 126 86 171 58 203 3 50 205 243 130 50 53 66 241 242 16 138 180
122 250 0 209 110 120 7 43 198 97 249 211 91 183 147 227 32 159 89 158 109 134 122 117 248 138 194 225 23 166 128 246 208 203 209 57 186 162 13 9 220 96 173 3 216 64 238 104 237 13 219 18 150 88 35 237 89 81 56 52 242 168 180 130
186 226 173 230 124 147 130 214 139 49 250 198 165 215 7 56 105 27 233 162 7 102 75 242 79 54 66 71 139 189 11 96 64 193 135 23 12 25 13 191 114 214 124 250 25 225 82 34 17 135 55 30 164 76 202 55 21 72 64 48 113 237 31 98
94 254 143 253 24 2 25 189 157 140 247 206 239 159 138 63 120 216 5 56 177 79 7 170 204 13 146 193 152 161 139 166 172 32 28 102 34 229 238 214 76 36 153 41 53 8 110 170 71 170 23 205 84 94 114 213 225 119 2 136 43 158 83 15
233 3 202 81 117 183 89 115 45 186 191 217 27 89 44 194 166 247 136 165 75 125 65 228 226 171 88 65 227 175 63 168 67 198 229 190 32 154 131 183 150 231 217 233 179 159 12 203 167 137 174 130 252 131 184 171 18 149 58 91 136 64 93 167
40 53 108 103 153 184 81 186 146 36 233 144 13 22 189 44 69 33 4 153 88 135 103 118 207 149 25 20 99 47 78 148 33 246 139 68 164 184 71 153 129 19 65 214 189 239 74 212 163 143 252 211 1 127 173 47 215 204 171 72 132 22 59 93
139 0 158 201 17 243 117 83 7 47 232 46 21 155 16 28 236 101 246 223 34 77 232 190 203 224 52 148 137 114 183 244 62 64 199 69 216 191 172 14 92 184 158 43 34 120 183 85 196 4 150 10 42 184 184 62 225 211 114 11 219 158 95 123
164 59 43 59 96 53 6 245 19 163 76 121 204 60 255 246 218 25 158 9 245 179 177 247 183 53 67 98 211 218 215 102 129 33 67 100 186 68 23 58 112 157 196 34 114 181 118 174 99 111 89 141 200 211 112 94 0 6 86 162 127 244 65 256
144 153 135 100 171 63 40 157 221 162 48 91 168 33 54 0 111 134 38 111 157 162 148 67 43 197 64 224 19 167 95 104 28 54 39 0 127 26 177 188 70 216 42 153 109 229 96 9 147 86 170 168 125 173 191 61 104 112 4 197 135 44 189 186
24 182 38 49 47 120 146 255 85 190 128 228 154 90 9 182 111 133 93 179 223 97 175 240 181 85 33 153 113 100 148 172 165 37 188 125 173 210 0 51 37 221 244 186 114 196 167 19 114 254 237 4 3 74 65 253 177 198 92 76 71 4 225 32
173 203 77 172 116 16 46 184 100 166 180 15 135 166 170 54 115 115 96 227 237 44 115 210 38 63 228 255 254 238 7 251 58 22 106 2 65 143 139 128 188 191 212 97 183 31 191 153 58 122 124 221 179 190 99 21 1 146 222 80 194 251 205 202
53 132 44 65 88 158 239 252 33 159 191 252 203 203 209 156 101 47 241 197 216 146 190 138 51 195 56 61 90 222 236 71 131 155 254 85 53 58 193 79 216 141 83 48 93 138 65 242 105 234 182 150 204 134 28 175 175 142 1 54 53 66 53 52
231 214 14 88 51 219 10 107 158 120 6 132 96 103 6 129 140 13 229 105 31 216 50 3 125 84 106 169 207 23 179 227 183 8 216 179 37 179 104 247 39 72 159 85 181 148 6 28 117 225 248 35 215 205 86 87 225 115 16 216 71 10 22 238
148 144 96 67 244 190 22 200 1 93 242 74 181 106 60 109 179 120 226 92 208 90 244 123 21 215 231 136 149 107 12 12 9 161 171 86 223 150 166 126 167 156 48 79 180 148 236 81 10 175 112 46 115 255 237 249 63 255 162 164 242 56 1 251
143 194 212 245 233 62 93 44 204 3 59 147 65 44 151 92 93 2 21 41 188 4 106 65 154 100 63 24 141 34 70 63 65 2 237 107 206 225 215 200 94 48 106 28 34 139 249 11 129 26 181 180 17 15 50 144 44 224 103 80 235 88 62 235
10 115 14 164 192 249 147 148 121 80 166 20 100 92 157 80 162 151 45 14 107 199 117 1 207 124 128 54 211 87 245 77 247 220 170 151 227 197 103 24 144 32 218 0 16 66 208 1 112 128 36 77 76 88 132 203 211 24 226 233 177 182 153 165
95 5 73 205 2 162 249 161 132 162 18 83 151 242 83 18 57 230 211 56 227 18 198 201 30 90 7 20 230 54 230 125 221 224 8 47 205 231 176 228 169 197 25 173 34 199 129 127 241 20 92 182 14 43 37 33 107 138 109 181 17 6 138 112
30 198 244 7 100 228 11 82 52 138 216 95 219 253 176 236 1 101 124 168 44 105 57 147 62 238 161 195 76 37 213 112 208 113 15 78 128 79 163 91 104 82 13 149 50 114 80 221 81 141 242 1 191 241 0 3 182 22 53 102 89 252 143 163
199 222 194 47 74 143 22 143 98 219 39 104 81 110 31 249 81 170 145 179 195 1 137 209 226 194 74 182 205 176 120 128 68 168 222 24 56 66 240 109 51 137 17 169 199 38 105 9 163 206 48 85 254 121 92 191 81 59 216 199 171 254 205 11
82 227 140 36 198 112 77 32 169 176 40 157 137 219 203 16 212 95 142 1 109 218 232 121 131 158 27 54 205 18 4 185 194 222 77 250 216 38 197 165 106 174 143 201 45 84 10 225 39 62 37 166 77 214 85 34 232 168 239 179 0 42 250 226
92 53 148 25 161 210 118 227 82 72 121 169 231 13 114 18 109 29 137 112 75 124 185 169 154 237 75 214 139 190 235 151 208 249 12 75 201 71 116 245 96 132 234 117 5 255 172 241 121 53 6 242 236 113 71 132 211 231 244 51 130 110 122 138
90 215 174 83 256 232 137 228 135 244 110 179 212 249 218 62 109 76 151 117 215 84 252 151 75 97 107 219 201 102 228 89 163 20 217 246 39 141 184 24 14 62 117 205 78 239 66 95 43 217 170 190 180 221 209 207 129 109 43 8 234 248 186 144
121 31 30 210 202 40 87 212 47 185 108 73 3 52 215 87 70 198 194 219 245 126 116 47 28 113 203 143 234 78 102 147 16 222 12 182 203 67 234 83 224 254 9 217 236 29 235 205 187 139 89 246 172 63 108 141 256 134 187 229 216 32 12 179
29 41 241 167 97 198 105 246 163 98 128 139 178 183 111 157 204 22 212 78 81 181 20 191 195 37 182 195 104 173 216 6 99 206 209 17 74 150 16 175 69 79 191 151 209 110 14 86 49 130 69 7 167 240 95 26 94 158 210 145 96 150 16 99
153 95 58 106 103 6 143 53 74 4 179 28 31 139 89 102 212 170 223 124 229 236 67 243 223 197 38 190 53 93 61 128 106 163 84 255 170 215 55 97 216 150 10 135 152 70 199 115 186 59 214 210 135 221 37 68 237 195 196 143 212 15 45 181