64
65 237 118 91 188 50 238 128 239 9 76 105 39 199 3 59 169 99 86 234 175 234 246 72 116 157 8 231 125 148 154 182 72 147 199 209 86 146 139 158 41 0 225 200 114 88 172 71 99 128 137 226 217 93 18 109 213 118 225 63 23 158 129 113
223 12 134 68 110 203 232 165 122 13 150 187 245 70 106 112 99 163 48 74 98 102 80 200 35 108 91 219 139 1 26 125 238 231 92 108 190 64 184 21 217 234 126 219 71 146 233 212 214 245 177 59 235 34 230 35 167 146 69 244 129 239 237 244
214 128 71 206 54 49 29 227 199 107 226 239 74 187 56 254 51 56 12 96 182 190 159 173 1 156 26 153 156 39 18 186 34 137 133 212 81 140 82 213 76 84 53 200 68 118 110 220 191 119 99 202 168 102 61 111 180 231 167 57 54 138 118 186
35 219 138 125 230 200 255 26 134 187 3 208 167 107 163 215 160 156 251 228 215 67 89 211 209 135 201 79 85 149 5 127 212 5 157 95 182 239 205 35 18 81 181 152 6 53 173 9 155 114 159 153 125 58 100 145 150 64 185 52 110 60 189 120
223 18 154 138 65 116 77 187 40 15 130 87 191 4 101 208 218 200 211 53 48 237 221 52 254 191 222 72 167 226 218 103 236 161 4 19 151 70 29 184 213 141 213 229 67 27 15 15 154 185 0 250 175 177 118 52 88 206 6 140 38 2 18 22
193 200 227 78 46 169 68 205 62 131 248 181 197 52 232 138 108 227 61 236 142 176 148 93 245 19 21 185 253 7 160 9 209 34 36 251 142 109 46 6 215 253 214 119 0 173 100 213 180 188 43 247 215 21 61 166 75 146 246 110 253 85 222 5
60 105 195 63 108 229 76 192 28 13 95 175 14 143 182 167 11 68 177 16 227 175 171 39 255 227 234 34 66 76 99 202 40 75 75 110 246 182 195 92 127 126 155 252 71 80 250 10 232 54 129 87 183 94 247 239 241 4 86 212 144 169 130 128
256 58 28 219 33 35 66 247 88 101 194 221 233 203 247 156 75 236 61 60 252 219 183 196 113 175 211 201 37 140 8 185 161 163 201 148 153 192 245 24 53 51 171 3 172 96 127 151 8 17 70 113 251 30 99 3 75 146 30 235 103 237 137 14
203 118 225 130 20 31 23 33 239 153 256 231 158 79 77 167 58 243 120 228 250 134 99 161 119 107 230 72 203 145 102 247 147 121 35 12 255 152 254 223 6 239 157 190 221 22 204 203 166 222 3 55 193 230 186 156 233 116 130 125 0 220 99 63
250 82 37 237 68 151 8 116 64 98 173 64 77 108 47 80 189 165 189 75 185 110 61 49 89 156 55 10 191 158 249 121 104 183 103 222 174 236 157 188 74 187 221 189 138 234 29 85 191 19 244 178 44 170 94 122 92 168 206 14 155 24 136 182
24 144 67 131 242 239 254 80 210 233 37 225 232 176 70 112 58 49 174 207 25 178 185 9 226 128 100 39 91 222 210 245 211 147 66 194 96 248 109 60 242 60 70 141 190 79 143 50 216 178 215 150 231 34 47 247 224 143 91 177 94 227 196 103
42 174 198 146 18 166 168 34 123 240 11 9 131 154 51 132 75 172 31 82 68 82 9 214 253 83 236 210 90 7 66 46 90 139 61 224 80 20 244 240 57 234 160 222 96 236 126 186 169 214 186 81 54 54 166 231 195 100 227 128 240 10 131 105
92 44 145 161 23 84 28 223 81 211 233 210 151 164 185 90 2 152 105 185 211 160 192 58 192 3 219 166 215 36 164 42 212 90 188 256 126 140 179 213 79 139 61 193 241 229 254 6 90 81 201 107 140 53 101 6 199 126 59 75 249 84 148 166
96 75 35 98 57 229 15 50 179 14 156 170 106 28 131 112 144 27 148 115 120 109 72 77 156 54 115 214 154 15 125 120 131 114 78 34 21 141 87 141 36 63 142 229 118 92 100 174 112 93 30 39 252 93 141 208 243 76 43 147 8 172 60 249
119 17 75 248 193 133 85 184 150 32 99 240 78 243 227 177 185 170 57 10 12 121 209 90 3 207 146 72 127 191 110 236 26 47 52 96 174 45 150 220 172 89 112 138 186 56 218 32 209 137 113 242 90 211 27 227 16 99 174 70 119 2 189 231
139 122 95 220 231 127 187 152 41 229 120 160 230 100 158 62 51 136 182 93 202 185 33 202 208 44 72 118 179 102 72 104 148 200 151 198 96 191 104 22 183 101 209 225 231 108 191 105 154 80 19 156 153 118 57 229 83 252 17 186 137 107 40 195
28 165 97 82 253 101 151 59 116 47 247 225 68 42 5 142 33 229 143 251 135 202 4 61 196 209 54 30 24 110 202 218 205 16 102 207 80 56 35 27 48 137 253 193 26 103 205 50 197 185 176 116 143 100 139 214 75 104 145 206 160 71 196 160
5 176 214 41 22 176 151 110 189 30 84 234 86 81 108 146 156 189 235 73 68 59 29 120 96 61 119 127 46 113 106 235 249 140 84 90 150 203 185 62 144 86 255 238 168 193 213 36 230 121 251 26 102 150 112 65 118 3 184 93 201 154 155 39
204 47 23 148 17 216 239 122 178 87 168 60 25 97 104 189 177 167 226 191 41 237 108 182 109 205 256 238 12 213 190 74 156 39 11 168 150 39 14 241 45 149 106 204 4 227 162 136 173 119 50 51 205 11 222 41 134 181 140 40 122 151 100 172
21 39 219 7 114 91 92 217 83 49 230 91 119 49 167 225 133 254 84 71 30 248 169 46 182 176 87 91 19 255 99 184 78 199 181 65 73 95 81 70 193 146 253 87 147 232 136 7 225 42 151 209 246 84 2 98 215 233 253 121 210 36 162 248
22 18 217 203 50 215 152 186 72 221 114 177 253 5 79 115 93 221 43 158 248 75 196 236 156 3 27 81 157 209 157 255 158 213 99 137 203 143 150 51 37 183 89 140 205 104 165 83 147 93 71 237 109 95 59 44 99 12 69 141 67 12 38 5
124 209 99 54 157 107 169 9 166 149 48 101 162 59 98 53 254 201 97 108 220 83 232 21 145 130 181 78 173 61 18 224 151 71 93 58 161 246 142 58 41 235 110 249 123 41 150 159 249 84 221 247 43 181 102 7 150 205 40 72 136 161 60 109
135 242 229 170 53 69 181 107 73 245 85 179 169 162 186 41 250 111 92 128 161 234 102 191 207 35 101 74 180 241 115 222 77 36 118 219 30 129 214 187 184 190 121 250 218 197 71 176 212 39 108 138 56 205 129 49 4 214 209 140 112 154 4 188
104 112 79 219 87 66 97 223 114 3 87 47 168 232 212 15 64 85 23 12 40 145 253 41 237 251 0 28 170 214 249 54 209 213 93 229 246 128 31 154 64 2 223 166 197 185 94 76 143 0 136 145 216 38 188 18 128 165 198 227 172 13 13 149
238 142 98 218 104 27 41 134 233 230 210 87 204 98 193 74 88 146 87 11 103 145 33 238 119 92 247 163 245 197 133 109 118 148 130 28 157 152 204 1 203 14 104 205 59 165 133 34 232 236 108 14 190 212 105 155 252 143 145 150 141 65 96 120
11 137 167 213 238 94 106 207 20 98 56 167 57 199 13 64 5 236 194 174 2 231 7 174 196 201 157 55 27 176 22 206 196 216 13 70 155 197 226 196 62 4 53 135 108 188 55 29 8 167 3 248 20 76 130 238 197 4 130 33 202 6 150 212
154 196 216 226 140 210 251 38 251 195 33 238 13 106 240 30 219 148 139 227 208 123 238 22 36 6 210 19 231 183 199 133 244 53 106 42 137 218 22 250 213 98 137 242 213 149 230 19 29 37 98 218 47 145 168 83 211 10 76 134 179 52 169 143
77 204 181 185 128 205 253 108 85 75 216 82 170 42 5 127 225 91 32 195 69 46 142 19 193 182 197 86 174 20 138 23 61 48 15 216 144 9 50 56 51 186 146 248 154 173 237 59 209 231 88 47 200 87 216 184 120 248 40 5 189 50 198 136
111 138 1 141 164 95 165 92 237 71 101 235 51 36 208 92 86 115 91 5 166 130 61 248 187 85 208 207 25 52 108 187 224 37 24 123 69 164 154 159 189 160 149 207 249 9 142 181 240 90 18 254 223 69 242 175 102 37 71 230 241 217 255 176
118 214 154 3 213 44 2 106 217 64 6 210 47 55 56 158 10 20 120 152 128 46 189 110 122 103 201 207 75 246 236 201 206 179 167 179 182 167 254 163 8 210 144 104 250 59 179 62 206 221 66 141 256 169 140 143 72 136 47 128 191 69 154 50
104 183 13 10 210 54 96 58 42 251 161 116 237 234 27 16 243 28 75 54 59 242 156 149 48 233 116 42 120 121 239 173 197 233 40 250 175 56 122 130 22 92 96 239 105 128 14 236 124 191 120 107 148 129 134 16 251 129 52 185 206 128 3 108
14 43 21 248 127 156 150 234 222 15 52 253 173 195 214 35 46 166 234 227 193 158 155 40 204 227 226 107 131 135 119 199 55 30 241 26 164 176 235 5 221 27 30 156 33 198 65 137 75 153 203 86 115 247 185 156 202 150 19 134 244 190 124 168
137 6 256 29 118 39 206 235 59 68 170 71 244 180 84 66 133 91 213 36 73 35 27 19 51 183 218 178 18 172 119 73 205 243 223 50 185 163 111 240 53 19 97 86 26 218 162 246 193 71 244 76 8 187 37 203 192 189 203 219 91 246 166 18
154 104 191 26 128 221 120 229 221 213 97 13 239 122 225 36 165 236 209 66 252 204 175 137 24 31 36 174 19 188 5 124 90 81 249 5 134 65 46 96 44 136 6 107 219 35 256 180 47 171 198 13 210 162 234 42 84 186 2 77 60 207 87 190
36 130 87 15 150 137 51 230 95 143 109 249 105 46 100 200 24 144 162 5 72 92 170 228 206 34 168 205 237 91 228 207 199 16 15 157 189 38 168 139 246 1 165 191 151 157 12 172 136 208 16 3 214 220 139 239 146 129 196 120 114 200 73 34
185 5 85 45 145 121 22 103 253 193 150 91 154 217 46 140 203 13 54 103 35 110 27 83 37 227 55 233 108 142 87 182 78 34 180 254 244 19 33 104 221 6 163 189 82 61 222 173 31 119 247 73 218 198 139 222 182 200 31 24 37 81 118 140
16 74 12 123 47 44 56 65 256 38 172 112 175 232 95 210 40 121 133 109 137 75 232 144 67 231 164 184 219 189 142 123 87 14 152 166 251 227 199 172 6 51 237 233 52 228 16 78 84 31 19 49 115 142 187 209 66 60 174 143 163 146 46 191
205 176 109 26 207 198 18 110 134 66 72 138 176 77 71 71 64 201 158 79 192 16 99 112 101 165 185 34 200 216 32 33 113 164 218 250 126 146 250 83 84 174 148 9 142 138 189 167 2 151 164 174 1 39 39 50 15 4 69 54 219 14 146 240
89 6 130 135 156 118 14 206 104 17 25 75 242 166 175 131 166 155 139 11 116 198 88 243 6 219 81 138 162 53 55 233 204 230 240 142 157 48 118 209 172 165 154 193 107 198 199 83 142 244 94 223 43 47 58 68 156 97 82 218 16 199 141 253
43 116 237 72 94 50 30 25 186 208 144 40 219 235 144 154 195 16 147 107 89 199 185 89 145 26 50 139 33 119 170 230 92 118 171 100 218 216 237 153 117 243 222 50 21 118 222 195 106 45 111 53 4 167 72 7 223 221 107 210 110 93 18 129
97 148 95 235 99 113 58 168 226 183 42 48 158 56 149 211 210 22 51 128 244 128 78 216 167 20 69 147 219 79 82 201 220 228 50 240 142 11 63 210 203 155 144 15 214 190 54 61 81 87 51 251 154 199 3 126 179 219 51 55 68 128 61 139
9 110 39 43 43 223 83 114 168 138 6 204 109 60 76 80 74 17 253 66 137 59 222 107 102 84 243 52 171 208 67 246 245 22 103 181 189 148 181 172 35 204 246 241 7 112 196 218 213 36 205 206 67 47 183 226 0 33 249 24 63 96 127 246
198 174 111 96 251 123 222 23 240 54 243 37 79 161 153 134 142 139 56 155 35 24 52 71 62 33 138 198 180 17 114 252 142 236 169 153 98 29 130 135 65 51 31 21 54 187 152 173 62 198 163 152 192 107 118 197 137 199 190 159 17 235 21 8
50 109 77 141 136 55 152 157 130 52 16 247 141 194 214 219 204 53 252 7 175 254 164 22 1 164 171 187 154 63 120 144 17 174 38 244 133 123 205 246 129 186 114 215 127 78 201 61 193 156 159 99 212 212 133 207 115 202 182 102 230 231 87 243
124 238 117 22 99 89 96 174 231 90 164 56 255 254 244 240 105 201 89 255 223 127 168 162 36 218 192 5 171 48 150 45 127 204 69 139 23 88 80 164 130 72 210 0 155 191 121 11 229 206 87 45 125 23 173 171 20 131 159 110 238 148 8 226
13 66 83 164 39 152 215 227 15 41 115 61 187 212 173 204 76 131 11 249 164 11 21 131 248 127 150 143 254 114 71 185 184 178 232 104 41 97 222 0 144 245 83 202 191 254 164 123 175 6 75 63 90 92 210 143 160 253 103 140 203 98 95 238
97 252 109 191 215 32 256 158 163 80 30 175 223 74 48 229 146 64 91 206 62 181 185 32 136 13 255 182 200 157 154 143 157 93 127 7 76 16 220 4 49 248 15 23 120 64 10 56 235 176 25 158 11 31 104 48 251 56 100 93 256 50 90 75
62 175 10 136 140 252 217 58 169 53 188 14 9 45 163 47 181 139 218 233 140 143 225 104 47 205 101 234 220 223 129 178 223 14 181 87 248 145 147 97 61 62 152 243 89 240 187 201 162 99 226 224 151 203 130 213 231 180 237 125 146 105 56 192
124 193 193 13 137 161 199 46 100 220 199 135 73 119 3 91 72 145 256 137 28 19 40 54 21 98 83 232 188 101 152 196 102 220 107 194 208 250 210 178 240 248 67 49 179 238 0 145 223 155 98 39 252 88 189 216 115 144 183 61 17 243 31 159
109 125 58 231 232 132 256 34 119 83 158 68 96 117 117 143 172 154 256 51 234 105 235 56 212 46 31 123 3 152 73 105 222 85 216 152 78 203 135 66 90 71 186 16 100 180 40 143 115 72 3 177 175 158 70 185 9 166 248 80 212 217 2 248
141 218 187 184 13 90 235 173 192 194 190 54 52 10 255 20 100 253 14 198 52 237 188 29 57 129 139 141 117 210 51 238 41 241 212 136 248 141 244 165 224 119 25 30 112 64 11 31 104 51 18 122 149 217 2 256 59 161 25 69 13 92 226 200
80 158 157 216 19 73 204 55 208 100 172 209 36 141 95 27 49 53 181 132 189 198 55 116 251 140 1 241 221 239 57 191 164 86 151 140 22 97 119 165 149 114 195 238 193 245 65 6 198 112 79 147 148 16 14 188 173 73 185 54 245 166 149 21
0 50 186 117 157 209 89 12 185 238 194 3 215 164 40 75 0 81 9 51 141 56 111 171 116 203 125 135 57 170 136 150 222 177 117 111 66 219 0 189 149 66 114 86 214 218 87 251 189 194 207 92 4 108 203 68 128 31 200 83 190 247 133 108
190 252 178 224 189 100 241 102 78 156 190 1 139 106 26 108 50 157 35 154 62 189 95 114 57 65 162 66 198 230 176 19 206 118 128 179 48 15 110 150 50 34 122 132 24 110 70 250 172 169 65 176 255 6 133 61 87 57 98 0 175 35 245 190
187 28 28 8 189 172 7 219 104 21 17 137 13 241 52 74 4 158 250 169 68 38 161 118 63 239 193 113 22 28 78 132 119 134 17 111 92 132 73 164 139 114 172 213 181 7 174 19 211 12 219 203 17 26 188 254 103 72 32 93 32 143 155 77
56 120 119 161 238 101 89 33 123 165 5 209 240 92 229 176 106 154 55 200 178 103 197 38 59 195 45 211 194 33 146 156 106 249 202 72 199 23 74 154 215 49 104 255 64 195 94 169 126 18 122 65 212 101 24 44 2 103 91 160 165 66 137 7
161 199 154 106 168 83 10 121 153 170 205 254 190 95 174 6 114 228 178 67 153 69 48 213 31 12 231 98 18 158 30 91 42 61 134 41 231 177 147 88 197 2 103 118 204 89 178 55 147 224 47 129 77 143 70 213 61 214 104 2 212 143 56 74
156 23 80 148 230 107 62 46 113 90 161 246 178 91 135 221 14 39 175 60 252 24 119 75 244 104 56 124 184 68 200 57 136 138 39 150 201 186 20 22 53 235 165 249 95 139 91 90 220 248 154 129 119 223 215 190 167 243 200 38 44 166 181 169
181 236 125 40 67 203 161 165 229 255 236 79 113 33 195 229 134 70 154 10 17 152 9 11 37 4 215 72 33 131 28 32 191 229 162 157 180 181 203 192 197 141 154 144 43 242 217 15 138 198 178 56 107 65 251 76 3 187 202 239 232 209 50 190
165 159 122 216 2 12 13 18 80 179 153 163 13 169 166 45 19 216 89 238 242 7 223 69 109 9 97 140 54 170 102 164 226 238 237 167 41 136 0 17 104 145 142 93 55 127 49 89 244 237 135 159 71 85 173 175 123 72 138 192 236 67 83 91
241 191 120 67 153 253 36 9 18 66 47 228 234 124 93 122 8 200 208 185 115 108 188 73 99 75 219 242 197 17 197 233 186 31 208 20 239 108 178 17 53 104 105 197 86 233 96 225 216 201 31 97 256 153 130 138 224 94 256 251 18 43 54 162
113 154 67 161 126 91 16 136 34 34 166 227 234 215 0 209 193 158 49 52 8 2 32 125 238 133 39 219 11 71 113 38 77 75 239 131 193 142 170 3 166 33 183 109 17 200 100 254 192 111 100 180 140 253 173 133 180 117 136 248 186 128 178 74
30 34 24 243 175 124 59 203 256 2 161 138 189 179 229 1 206 8 90 104 9 0 39 111 143 79 202 149 233 123 81 230 161 115 69 151 164 228 34 214 82 98 177 28 109 33 136 133 117 221 241 254 96 23 199 255 178 79 75 62 10 85 221 230
249 51 162 80 189 4 58 254 43 241 191 105 96 109 153 234 26 131 94 31 74 35 240 203 206 210 36 105 245 79 43 127 199 117 147 84 240 27 113 16 100 247 155 225 179 229 143 155 144 181 67 102 163 115 92 175 182 143 145 209 72 20 102 158